1234626340
1235078781
1235071818
1234626189
1234625292
1234619642
1234931855
1234619637
1235071406
1235079406
1235071055
2000110256
1234620086
1235076802
1234620703
1234626405
1234622471
1234928916
1235076765
1234625994
1235075563
1235324060
1234618830
1234627013
1234931144
1235072965
1235079319
1235074104
1234622861
1234618676
1234619022
1235075207
1235189086
1235076917
1235073057
1234619244
1234626992
1235323973
1234928941
1234928028
1234625388
1235071787
1234619933
1235071589
1234625399
1235242260
1234618261
1235073505
1234627083
1234932014
1234625334
1234625718
1234625797
1235323924
1234620668
1234618979
1235323949
1235076176
1234626329
1235324006
1234928384
1235076642
1235324071
1235082839
1235073524
1234620108
1235072610
1235082769
1234623505
1234625198
1235075190
1234626369
1235078573
2000118598
1235324161
1234932352
1234622122
1235199710
1235073155
1234621435
1235194346
1235072372
1234623541
1235073821
1234619306
1234624823
1235071725
1235077672
1234623081
1234620288
1235074217
1235081735
1234625049
1235082170
1235076841
1235203239
1235082778
1235074153
1235202453
1235078978
1235072579
1235076555
1235077004
1235072160
1234933244
1235080540
1234622505
1234621078
1234623477
1235071916
1235080609
2000201119
1235079572
1234620992
1235072238
1234621028
1235073120
1234619136
1234620493
1235071198
1234625040
1235079353
1235072385
1234620533
1235078723
1235075980
1235077877
1235076003
1235187872
1235194255
1235079303
1235074608
1235074109
1234621523
1234620842
1234622936
1234929854
1235073074
1235323985
1234619709
1235071402
1234882664
2000205472
1234620669
1235074332
1235083558
2000187874
1235072540
1235081891
1234626862
1234623456
1234621052
1234619849
1235187750
1235079724
1234626116
1235082227
1235323955
1234933239
1235078779
1235074930
1235071990
1234624167
1235077733
1234623353
1235075674
1235075176
1234620874
1234626095
1235080867
1235081271
1234619994
1235071143
1235081262
1234626600
1234622700
1235079887
1235071565
1235240034
1234624891
1235072640
1234626586
1234933278
1235079395
1234627027
1235081550
1234624683
1234622627
1235079762
1235082787
1234620745
1235071683
2000109969
1235071716
1235076537
1234620022
1234931599
1234620702
1234625981
1234620746
1234625748
1235072259
1234621306
1234619848
1235323689
1234625650
1234621516
1234627030
1235081273
1234621586
1234928082
1235075479
1234619829
1235188860
1234626130
1234618795
1235082551
1234932941
1235071199
1234620662
1235079635
1235071594
1234623524
1234618775
1235196546
1234620343
1235323850
1235082305
1234927121
1235074609
1234618571
1235323679
1234625881
1235070975
1234622666
1235077693
1234622458
1235077995
1234620605
2000201105
1235323927
1235071835
1235323646
2000201143
1234626010
1235074970
1235072059
1235077747
1235073655
1234620053
1235076754
1235075494
1235078853
1235073238
1235072669
1235081548
1234621592
1234621380
1235070939
1235078132
1235076543
1234623990
1235072216
1235324046
1235072523
1235072475
1234620852
1235074024
1235078678
1235324144
1234627119
2000115149
1235076443
1234621522
1235080542
1235078581
1234619502
1235072679
1235082609
1234626215
1235079010
1234627059
1235163274
1235071989
1235079633
1235071078
1235082681
1235073788
1235076417
1234927124
1234620021
1234931993
1234621445
1235081867
1234624795
1234623042
1235079923
1235323808
1234620073
1235075523
1235323586
1235071940
1235323652
1234621237
1234618841
1235074615
1235079420
1235082695
1234930626
1235075015
1234627066
1234927230
1234623889
1235079487
2000205173
1234619610
1234933264
1235074620
1235074853
1234625689
1235198589
1235073753
1234619932
1235195183
1235078870
1235073669
1235076758
1235080150
1234625770
1234623574
1234621270
1235082379
1235073222
1234626321
1235323752
1234625301
1235240084
1235082332
1234627026
1235080344
1235071125
1234618358
1235079629
1235082256
2000187772
1235071404
1234623443
1235323585
1235071185
1234621588
1235082125
1234621534
2000113594
1235071938
1235071861
1234626052
1234622272
1234620590
1235079419
1235195643
1234623819
1235203225
1235073150
1235077949
1235078722
1235074868
1234930658
1235194826
1235073760
1235078942
1234622736
1235079785
1234626867
1234624806
2000201108
1234928396
1234622235
1234626975
1234619133
1234626837
1234625781
1235080417
1235076741
1234622521
1234926988
1235074080
1235070995
1235082623
1234623887
1234926285
1235199812
1234625701
1234626072
1235082147
1234620016
1234618778
1234618714
1235072760
1234618374
1235071179
1235071802
2000110274
1235072944
1234931883
1235071995
1235078708
1234625977
1235071555
1235071419
1234621309
1234623557
1234618290
1234929072
1235074481
1234620076
1235074981
1234623641
1235323588
1234622556
1235080589
1235324087
1235248647
1234621475
1234619939
1234618432
1235080662
1235323961
1235080571
1234619126
1235189123
1234624824
1234622821
1234619773
1235074171
1235072645
1235257155
1234929375
1235078533
1234620897
1234625362
1235188877
2000110250
2000201140
1235071699
1235082138
1234621417
1234619104
1235076819
1235078490
1234619064
1234620683
1235073124
1234623376
2000114921
1234619122
1234618846
2000165726
1234625841
1235323678
1235077678
1234932963
1234928026
1235081789
2000109978
1235073233
1234626995
1234620150
1235079586
1234620087
1235323666
1235071839
1235078976
1234623589
1235323733
1234927576
1234619234
1235075583
1234619095
1235079847
1234619921
1234928406
1235200447
1235079414
1234619214
1234626125
1234625980
1234620946
1235199192
1234619628
2000139447
1234620900
1235072227
1234928025
1235080159
1235075143
1235242347
1234618529
1235187732
1234928091
1235199200
