1234587809
1234577544
1234598543
1234580615
1234572653
1234587785
1234573437
1234578325
2000165751
1234598346
1234578779
1234591937
1234568822
1234601128
1234573858
1234600754
1234570759
1234570186
1234575122
1234589122
1234603485
1234589529
1234571871
1234575719
1234571884
2000134570
1234572140
1234591101
1234602788
1234587448
1234587765
1234574402
1234575517
1234600403
1234570895
1234569058
2000118628
1234578778
1234589409
1234588238
1234592798
1234586572
1234605433
2000117854
1234592032
1234578508
1234603619
1234602034
1234571898
1234577864
1234574752
1234590567
2000166976
1234583986
1234585970
1234583102
1234593868
1234586181
1234572260
1234584728
1234569245
1234590417
1234603701
1234586400
1234598310
1234589838
1234590230
1234594853
1234587134
1234586089
1234576958
1234574256
1234601871
1234585700
1234580529
1234569510
1234572586
1234583990
1234592718
1234590234
1234595740
1234575092
1234589111
1234604442
1234604469
1234568839
1234568835
1234592217
1234574441
1234585391
1234569923
1234573694
1234568667
1234589986
1234600413
1234601122
1234587251
1234579429
1234574843
1234599474
1234585617
1234581025
1234598003
1234583797
1234574668
1234603837
1234575120
1234591378
1234593867
1234569913
1234573710
1234587749
1234576932
2000167435
1234594973
1234585693
1234579764
1234604610
1234578637
1234601489
1234569524
1234580651
1234597326
1234589391
1234577676
1234586807
1234604689
1234602198
2000107430
1234593217
1234569188
1234603652
1234575920
1234599875
1234573501
1234598468
1234568917
1234575087
1234601726
1234601977
1234568951
1234595224
1234594685
1234568542
1234596074
1234604323
1234586856
1234573134
1234594720
2000212846
1234597906
1234600368
1234588652
1234597329
1234570576
1234599726
1234579864
1234572159
1234593760
1234603548
1234593331
1234601284
1234583893
1234606123
1234592612
1234584928
1234579137
1234601681
1234594303
2000118153
1234589706
1234601988
1234568274
1234594180
1234587034
1234588904
1234586281
1234575392
1234573460
1234599169
1234579766
1234585508
1234568553
1234605555
1234574199
1234582054
1234579374
1234573464
1234590354
1234582305
1234603340
1234571577
1234592225
1234594790
1234568642
1234589731
1234603705
1234572160
1234569697
1234604762
1234600948
1234604462
1234582495
1234568798
1234569658
1234593065
1234568292
1234604193
1234589880
1234598557
1234576636
1234576055
1234571173
2000153007
1234592750
1234569855
1234583697
1234570859
1234578761
1234600140
1234580950
1234588381
1234602550
1234599107
1234587145
1234571584
1234577661
1234590363
1234569769
1234584263
1234581539
1234588062
1234570567
1234588912
1234582827
1234574587
1234577507
1234587575
1234570817
1234570297
1234593705
1234569246
1234585064
1234574760
1234597590
1234587561
1234597706
1234577930
1234570654
1234602122
1234602016
1234579180
1234577336
1234588125
1234577814
1234597977
1234568702
1234602908
1234592845
1234576644
1234588495
1234583880
1234589766
1234598935
1234598486
1234582685
2000167414
1234573272
1234577490
1234599970
1234588818
1234568291
1234572738
2000167469
1234590516
1234571032
1234602029
1234600898
1234597511
1234604614
1234596032
1234604274
1234583115
1234583038
1234589125
1234586564
1234577166
1234604533
1234602742
1234581352
1234568668
1234569921
1234573459
1234585183
1234583662
1234603095
1234575325
1234586553
1234597963
1234579423
1234570833
1234600879
1234599406
1234583956
1234573218
1234589742
1234593736
1234602704
2000188040
1234578743
1234584424
1234603708
1234587553
1234592243
1234588568
1234584444
1234574466
1234576728
1234573151
1234598498
1234595877
1234602085
1234591010
1234589801
2000109928
1234587070
1234604452
1234589811
1234569243
1234572869
1234592618
1234596352
1234584497
1234592868
1234601521
1234598369
1234598565
1234580753
1234593669
1234572871
1234568532
1234573812
1234572784
1234594254
1234577699
1234577042
1234570114
1234579019
1234590808
1234570356
1234586123
1234581148
1234570805
1234588595
1234569428
1234593387
1234585542
1234570386
2000166960
1234572570
1234589895
1234605410
1234577988
1234579094
1234570374
1234577046
1234571126
1234572820
1234571543
1234594339
1234590167
1234585864
1234594669
1234587094
1234576527
1234597221
1234575121
2000109953
1234575286
1234592348
1234595494
1234570221
1234577308
1234597604
1234595950
2000118132
1234586710
1234573643
1234569405
1234596084
1234605665
1234586341
1234589723
1234572968
1234594251
1234573651
1234571714
1234586810
1234598789
1234597317
1234588235
1234578704
1234575593
1234602234
1234602155
1234593921
2000134638
1234570273
1234586121
1234590696
1234597520
1234588720
1234578029
1234595677
1234599261
1234568342
1234570383
1234598253
1234570464
1234587318
1234572783
1234590115
1234587854
2000134566
1234572000
1234602681
1234574867
1234593412
1234575294
1234590418
1234597185
1234590930
1234601239
1234602799
1234572704
1234601881
1234571424
1234596266
1234584364
1234578703
1234583837
1234571687
1234605140
1234603365
1234590249
1234590540
1234599387
1234589340
1234571164
1234578562
1234577925
1234592184
1234578320
1234569263
1234590729
1234602738
1234592108
1234601200
1234588032
2000134614
1234580239
1234568460
1234576641
1234573158
1234592735
1234572712
1234605136
1234596127
1234571252
1234575181
2000167053
1234579108
1234575289
1234596134
1234600092
1234600653
1234574634
1234587485
1234568465
1234576690
1234595929
1234573123
1234583211
1234599767
1234579143
1234592005
1234570700
2000167553
1234579283
1234588158
1234574597
1234595909
1234582960
1234587921
1234603463
1234582878
1234595911
1234579287
1234570813
1234602985
2000179338
1234598357
1234594309
1234574972
1234568653
2000167050
1234572706
1234572879
1234579838
1234590813
1234578854
1234575081
1234600464
1234599543
1234601588
1234568478
1234594767
1234574269
1234605147
1234572222
1234577678
1234572435
1234600067
1234569291
1234584388
1234574652
1234574010
1234578561
1234603407
1234589913
1234597897
1234600994
1234594324
1234585382
1234592101
1234587600
1234606240
1234595758
2000188039
1234583677
1234596159
1234578717
1234569035
1234605648
2000188719
2000118156
1234590316
1234580350
1234592924
1234594775
1234600281
1234586113
1234571170
1234595709
1234577044
1234587172
2000117856
1234582975
1234579868
1234578324
1234589481
1234589277
1234592145
1234601344
1234593373
1234591152
1234593950
1234578964
1234599812
1234597868
1234594631
1234602398
1234603873
1234592967
1234577432
1234570359
1234571574
1234600657
1234602061
1234603808
1234572688
1234600218
1234570178
1234594311
1234604161
1234578798
1234577652
1234570927
1234600296
1234596411
1234597204
1234597628
2000134496
2000134617
1234576750
1234577039
1234602719
1234581690
1234598771
1234602634
1234568928
1234573931
1234581822
1234583578
1234586243
1234578886
2000179336
1234595943
1234568806
1234598697
1234592760
1234579254
1234586515
1234584621
1234590616
2000109941
1234579008
1234604615
1234596067
1234581763
1234590807
1234584717
1234572998
2000140163
1234604394
1234573959
1234577954
1234572793
1234597471
1234601206
1234600693
2000134652
1234590758
1234580819
1234577903
1234595574
1234605218
1234590622
1234594142
1234598858
1234604961
1234571361
1234571350
1234578221
1234593787
1234582245
1234587052
1234604976
1234593944
1234586036
1234571828
1234580556
1234568309
1234594979
1234589231
1234598472
1234574580
1234599278
1234590298
1234600221
1234577730
1234594167
1234592799
1234584822
1234581008
1234587968
1234606377
1234577591
1234575079
1234602821
1234568235
1234580281
1234588898
1234597537
1234579601
1234590687
1234601144
1234595876
1234571556
1234588660
1234573822
2000118098
1234598352
1234600236
2000118295
1234569027
1234604581
1234571651
1234594795
1234593361
1234568194
1234593246
1234572655
1234587033
1234579113
2000134081
1234596158
1234570277
1234573640
1234585891
1234586282
1234577059
1234574872
1234572175
1234579894
1234597980
1234570095
2000005235
1234587758
1234572698
1234583971
1234590645
1234579168
1234598724
1234587883
1234587006
1234590461
1234588565
1234599537
1234594828
1234571537
1234598316
1234569009
1234604586
1234580849
1234581566
1234599716
1234599059
1234585088
1234568459
2000118627
1234574769
1234568335
1234570318
1234584381
1234587874
1234594008
1234596364
1234580436
1234599086
1234588057
1234604010
1234592842
1234603404
1234570430
1234570822
1234570204
1234584250
1234577165
1234577829
1234574092
1234583891
1234592017
1234579085
1234598685
1234593685
1234595027
1234588924
1234572987
1234606003
2000134589
1234581571
1234590140
1234572991
1234601256
1234604622
1234604720
1234600183
1234592077
1234588566
1234572139
1234591425
1234596149
1234585725
1234595594
1234605605
1234576936
1234594134
1234597663
1234575268
1234582712
1234571422
1234574164
1234568874
1234585982
1234568634
1234577979
1234599993
1234584805
1234569182
1234605449
1234592356
2000005267
1234595034
1234605927
1234576675
1234573859
2000114896
1234581858
1234594744
1234605283
1234570376
1234592608
1234596406
1234598522
1234579114
1234571948
1234569002
1234599404
1234588208
1234569292
1234603895
1234604366
1234590794
1234600016
1234574457
1234597833
1234576089
1234593382
1234579235
2000109892
1234585130
1234577900
1234571959
1234590222
1234581185
1234573207
1234575596
1234593332
1234595960
2000166805
2000167198
1234586432
1234592698
1234569777
1234570391
1234594994
1234572154
1234577921
1234592592
1234568482
1234572021
2000107776
1234586634
1234577468
1234576861
1234603152
1234577782
1234587015
1234574671
1234595939
1234586071
1234581861
1234572059
1234600367
1234601656
1234596228
1234591379
1234573567
1234584990
1234580934
1234582297
1234595962
1234573381
1234602618
1234585242
1234602876
1234585840
1234596083
1234589559
1234591121
1234582834
1234600771
1234600454
1234573864
1234600031
1234575232
2000109879
1234587418
1234593222
1234598662
1234570473
1234586451
1234579115
1234586231
1234601646
1234568504
1234588371
1234586133
1234605447
1234582721
1234594700
1234597693
1234600310
1234570687
1234594283
1234572055
1234590754
1234587914
1234586990
1234593111
1234599564
1234597797
1234593703
1234572551
1234603011
1234596482
1234587178
1234601516
1234571626
1234587106
2000165602
1234578890
1234580325
1234571109
1234571923
1234586273
1234596375
1234574369
1234582108
1234582592
1234578879
1234602638
1234587042
1234578518
1234605066
1234595981
1234569452
1234603787
1234585296
1234577990
1234605657
1234596132
1234598387
1234587637
1234590415
1234585558
1234599505
1234587455
1234595927
1234585319
1234578892
1234601479
1234603657
1234603327
1234603436
1234595210
1234577859
1234601664
1234581241
1234585392
1234605130
1234590407
1234568644
2000117850
1234576665
1234590432
1234572731
1234583014
1234574907
1234602763
1234582819
1234580763
1234598735
1234575687
1234581461
1234575418
1234595463
1234581327
1234571677
1234593421
1234588468
1234583839
2000134509
1234601352
1234604448
1234590098
1234586598
1234593927
1234569926
1234571206
1234584776
1234574130
1234598404
1234586909
1234570423
1234603208
1234600153
1234594716
1234585260
1234606112
1234572206
1234579551
1234604604
1234595102
1234573621
2000212840
1234602826
1234601362
1234589121
1234599709
1234604426
1234586831
1234594221
1234584739
1234592169
1234575922
1234585452
1234582964
1234600932
1234604089
1234569487
1234578409
1234604056
1234578478
1234601249
2000166969
1234595888
2000134544
1234575637
1234579518
1234592110
1234578698
1234603176
1234594141
1234589725
1234592306
2000134535
1234585527
1234602222
1234579606
1234570600
1234574085
1234582970
1234589501
1234603898
1234568729
1234578783
1234596152
1234595569
2000107429
1234600861
1234581261
1234604715
1234594082
1234584366
1234582736
2000118736
1234569329
1234569473
1234594507
1234603659
1234597623
1234601940
1234582956
1234571114
1234570258
1234575168
1234595084
1234578182
1234596135
1234575089
1234597982
1234599553
1234602500
1234597492
1234581450
1234571648
1234577098
1234600903
1234587981
1234584386
1234583926
1234588938
1234602909
1234573922
1234573814
1234584125
1234580380
1234604595
1234589479
1234586793
1234582824
1234592862
1234594519
1234595990
1234572943
1234571104
1234568283
1234592256
1234580977
1234597508
1234572013
1234583738
1234578282
1234601478
1234587984
1234576870
1234569852
1234575133
1234569482
1234603595
1234589659
1234581482
1234580752
1234593187
1234586193
1234570362
1234573369
1234571616
1234605929
1234605001
1234585141
1234602368
1234581532
1234581174
1234601283
1234571760
1234568880
1234588762
1234586853
1234578934
1234601154
1234590547
1234588213
1234579175
1234599355
1234591115
1234604974
2000166973
1234573637
1234571103
1234590517
2000134083
1234587769
1234575599
1234603799
1234582655
1234571039
1234591540
1234590886
1234604718
1234601000
1234593128
1234599735
1234590090
1234571406
1234601231
1234604552
1234568902
1234575336
1234578372
1234574829
1234571145
1234572759
1234571940
2000107025
1234586147
1234593786
1234584112
1234586229
1234595336
1234587891
1234596046
2000109899
1234603360
1234580669
1234592943
1234600463
1234570956
1234604461
1234589859
2000109902
1234582701
1234572933
1234594789
1234594525
1234600284
1234589404
1234570918
1234604224
1234593929
1234582761
1234587723
1234600133
1234588573
1234583798
1234603964
2000166644
1234578584
1234578002
1234593878
1234580363
2000113553
2000109919
1234577149
1234587724
1234597540
1234579578
1234569938
1234594560
1234568238
1234570929
1234578416
1234571608
1234606031
1234585865
1234579568
1234602695
1234602897
1234571144
1234570246
1234572205
1234592833
1234572778
1234602823
1234600820
2000167159
1234599653
1234593866
1234569116
2000134588
1234583185
2000118108
1234580376
1234577342
2000107777
1234578232
1234601566
1234593886
1234568228
1234571157
1234570266
1234599518
1234585681
1234572790
1234573019
1234587820
1234594668
1234568836
1234571741
1234597940
1234600905
1234573124
1234596360
1234585895
1234582946
1234582371
2000118170
1234592207
1234587338
1234577771
1234588719
1234597714
1234592004
1234594135
1234587196
1234574865
1234577583
1234594076
1234603524
1234587660
1234593589
1234604822
1234572721
1234602994
1234592175
1234597928
1234584015
1234603479
1234587423
1234588073
1234592359
1234586068
1234600566
1234598964
1234594453
1234585223
1234601302
1234585308
1234579434
1234587357
1234598894
1234585121
1234590484
1234602052
1234599763
1234569365
1234601931
1234604557
1234605614
1234602182
1234573843
1234578847
1234592355
1234593045
1234570971
1234568679
1234578086
1234595342
1234590357
1234583205
1234571722
1234581865
1234596455
1234592974
1234568269
1234571002
1234575999
1234588852
1234601076
1234581479
2000113597
1234583925
1234569693
1234573891
1234594069
1234582626
1234583119
1234584835
1234582688
1234600743
1234583707
1234584580
1234569674
1234599363
1234572645
1234583651
1234595173
1234571176
1234577659
1234595713
1234587152
1234582411
1234585749
1234580724
1234592010
1234591947
1234571320
1234597742
1234595067
1234568325
1234592178
1234606106
1234581765
1234574001
1234590488
1234588233
1234592732
1234594460
1234588555
1234595757
1234593372
1234585702
1234588594
1234574885
1234578733
1234572735
1234603311
1234596336
2000166730
1234571787
1234606120
1234587629
1234568208
1234599986
1234588774
1234576919
1234574207
1234605134
1234569338
1234579163
1234589754
1234588784
1234603647
1234604398
1234597276
1234605931
2000167155
1234600550
1234579074
1234587849
1234605225
1234597223
1234587522
1234592951
1234580949
1234602300
1234603753
1234589772
1234580244
1234574547
1234585799
1234592258
1234603097
2000118738
1234584049
1234604775
1234571007
1234572538
1234594451
1234576012
1234603096
1234568574
1234576329
1234595563
1234569421
1234600995
1234601392
1234587038
1234603213
1234594842
2000167051
1234586901
1234603896
1234582859
1234571909
1234574723
1234568675
1234593970
1234588339
1234598900
1234596146
1234587692
1234572512
1234568700
1234571723
1234573394
1234581550
1234582303
1234578015
1234577827
1234590823
1234586779
1234568536
1234571970
1234586677
1234592061
1234577620
1234572306
1234570991
1234588534
1234597805
1234590611
1234588763
1234571082
1234577599
1234602593
2000114891
1234590555
1234569786
1234599038
1234571254
1234601971
1234590150
1234577944
1234582410
1234599336
1234601369
1234600233
2000188895
1234586528
1234586414
2000101147
1234573396
1234603561
1234604221
1234590337
1234590548
1234571074
1234594352
1234577085
1234572266
1234599476
1234585257
1234582711
1234578281
1234570834
1234579495
1234588928
1234603703
1234602136
1234587063
1234592303
1234582481
1234581032
1234572058
1234579391
1234598476
2000005264
1234601293
1234597246
2000167147
1234588041
1234584746
1234577830
2000167463
1234587114
1234582971
1234603440
1234584710
1234585647
1234578125
2000167192
1234595665
1234606024
1234577499
1234584029
1234602913
1234571583
1234593890
1234579172
1234571617
2000165607
1234604719
1234579242
1234585748
1234586952
1234581714
1234580797
1234572519
1234578322
1234580929
1234603141
1234599898
1234596048
1234569794
2000118481
1234575520
2000134619
1234592775
1234572646
1234605530
1234575345
1234597990
1234593233
1234595379
1234601363
1234605385
1234590402
1234594953
1234588977
1234572114
1234591538
2000117889
1234575688
1234600892
1234581494
1234592126
1234573169
1234576454
1234598549
1234593202
1234606379
1234582475
1234571073
1234586884
1234584810
1234606000
1234605234
1234579472
1234590168
1234602837
1234571883
1234605079
1234601582
1234574856
1234589237
1234585979
1234585095
1234587690
1234580391
1234600611
1234605620
1234580847
1234598705
1234593248
1234584889
1234575053
1234573789
1234606204
1234597558
1234598425
1234584567
1234594497
1234595702
1234593864
1234570254
1234597418
1234595580
1234581812
1234572433
1234603803
1234578062
1234569919
2000114959
1234586048
1234578657
1234581918
1234587929
1234590130
1234587880
1234583606
1234576462
1234604028
1234574385
1234569334
1234571529
1234582442
2000167438
1234574444
1234593324
1234600745
1234597431
1234590420
1234592188
1234605095
1234600095
1234577284
1234589942
1234597447
1234602666
1234586882
1234571892
1234582489
1234604771
1234588544
1234603448
1234596130
1234572865
1234570766
1234602723
1234603910
1234587982
1234587060
1234599122
1234598392
1234577347
1234576705
1234590800
1234605291
1234597433
1234573290
1234577737
1234573867
1234589938
1234590340
2000166711
1234593668
1234594748
1234584362
1234582468
1234605010
1234571725
1234601258
1234569477
1234587529
1234597589
1234569729
1234579117
1234602660
1234574063
1234584245
1234584547
1234574285
1234572122
1234582483
1234568639
1234604158
1234584078
1234603454
1234593801
1234597495
1234603067
1234601938
1234600860
1234569826
1234593659
1234579555
1234585045
1234606220
1234584142
1234605925
1234573958
1234606162
1234601285
1234578606
1234575393
1234574364
1234588863
1234578072
1234572789
1234595297
1234601428
1234569700
1234577669
1234574696
1234605030
1234569135
1234605393
1234586236
1234578802
1234592879
1234600126
1234606072
1234596450
1234599752
1234598764
1234577162
1234583047
1234588757
1234594820
1234583724
1234580728
1234606018
1234577104
1234579354
1234583580
1234604476
1234582065
1234591108
1234577780
1234581905
1234584769
1234605384
1234584611
1234568422
1234583644
1234600461
1234579564
1234578268
1234571243
1234580672
1234568352
1234595861
1234586066
1234581894
1234574773
1234595120
1234570387
1234574147
1234584491
1234577325
1234584952
1234599897
1234594860
1234586461
1234580712
1234590295
1234597482
1234599715
1234585553
1234585054
1234573302
1234591192
1234605356
1234577580
1234582312
1234587473
1234592294
1234572884
1234579885
1234596376
1234576917
1234584633
1234584663
1234590594
1234585272
1234590094
1234585503
1234602748
1234585259
1234572217
1234601262
1234604544
1234572674
1234594768
1234600661
1234579466
1234571985
1234586643
1234594753
1234579297
1234572773
1234604219
1234601672
1234582099
1234591975
1234571893
1234604325
1234583219
1234598757
1234584419
1234588118
1234603031
2000118543
1234601712
1234578902
1234600259
1234602972
1234576899
1234602612
1234587798
1234585924
1234593604
1234568376
1234605108
1234591530
1234574742
1234598458
1234587312
1234578341
1234589417
1234588024
1234588129
1234572268
1234585951
1234574613
1234581260
1234574301
1234594707
1234599454
1234603456
1234597978
1234571679
1234568807
1234574694
1234576509
1234574749
1234603315
1234578499
1234588133
1234586489
1234599239
2000188048
1234570673
1234597641
1234585990
1234590991
1234575299
1234605396
1234589886
1234585861
1234584201
1234602757
1234598692
1234569080
1234584976
1234601715
1234575427
2000134080
2000107027
2000134543
1234569104
1234577857
1234594615
1234593433
1234568215
1234580780
1234573554
1234579026
1234574020
1234606065
1234571415
1234602567
1234578874
1234590718
1234594959
1234605009
2000166722
1234580721
1234597668
1234585901
1234590638
1234578385
1234573276
1234582888
1234574175
1234582607
2000109925
1234605407
1234569356
1234570709
1234578381
1234586848
1234568450
1234576555
1234605988
1234570381
1234575957
1234596050
1234570432
1234575296
1234602952
1234592878
1234592733
1234597622
1234599341
1234576499
1234582327
1234603585
1234603541
1234588296
1234585225
1234581710
1234592958
1234604201
1234603240
1234586176
1234575632
1234569003
1234575189
1234585075
1234601319
1234569010
1234593913
1234593603
1234595752
1234601511
1234595137
1234571001
1234603621
1234601636
1234597808
1234595166
1234592213
1234599648
1234592675
1234570498
1234589956
1234596251
1234574060
1234596012
1234584251
1234597277
1234579594
1234599482
1234575420
1234599885
1234604758
1234593863
1234577863
1234572258
1234583451
1234588155
1234587072
1234578914
1234588470
1234571615
1234588175
1234579162
1234594498
1234587300
2000005253
1234582050
1234570543
1234578291
1234594593
1234601714
1234571715
1234570934
1234574649
1234587326
1234603725
1234574027
1234573515
1234598954
1234585186
1234582575
1234584807
1234577398
1234583931
1234573918
1234592093
1234599390
1234574764
1234570681
1234587567
1234599043
1234583669
1234582510
1234587142
2000212847
1234598016
1234592778
1234601969
1234586902
1234576668
1234587342
1234601289
1234603553
1234597823
1234579135
1234583834
1234590918
1234578924
1234600018
2000109924
1234569831
1234606304
