1234799980
1235171254
1234860035
1234847576
1235158105
1234882946
1234854887
2000084465
2000078897
1234882127
1235167166
1235104903
1235199059
1235117336
2000076151
2000198195
2000076843
1235119858
1235214237
2000074542
1235120355
1234883302
1235137529
1235174405
2000113996
1235155926
2000115475
1234854330
2000115434
1234847428
1235133272
2000134694
2000106302
1235118078
2000187420
1234777018
2000078340
1234858806
1235464702
1235212517
1234824960
1234856650
2000074520
1234818791
2000077140
1235235230
1234847671
1234848793
1235155844
2000180827
1235151411
1234856296
1235131841
1235170342
1235130622
1234842609
2000085347
1235240146
1235147550
1235253222
1235243433
2000086398
1235235062
2000089157
1235114032
1235239694
1234843802
2000064867
2000115433
1235466255
1235167447
1235189295
1235321534
1234853705
1234773467
1235216720
1234855269
1235129654
1235144553
1235256835
1235169527
1235117148
1234933205
1234781369
1234822400
2000198010
1235168990
2000076324
1234855000
1235156810
1234821079
2000083694
2000215910
1234929545
2000200165
1235216573
1235239802
1235140876
2000119028
1235150108
