1235079317
1235080630
1234625328
1234930352
1235079198
1235077109
1234619168
1235191627
1234622669
1234870413
1234625365
1235073729
1235240030
1235077037
1235071113
1235072182
1235077732
1235075053
1234622835
1234619336
1235073315
1234622304
1235073144
1234606211
1235079435
1235075443
1235077888
1235073757
1235072942
1235070962
1234618614
1234618624
1235071390
1235079197
1234622545
1235074062
1234618732
1234926537
1235324177
1234620938
1234619044
1234930495
1235187821
1234618200
1234619268
1235079438
1234620258
1234626224
1234621707
1235257129
1235324185
1235071899
1234619258
1235082266
1235081013
1235082474
1234930369
1235078011
1234618656
1235323966
1234927994
1234619583
1234623992
1234623590
1235082821
1234620982
1235078133
1234623533
1234625301
1235257233
1235071435
1235074064
1234621200
1235074148
1234622744
1234623500
1235074097
1234618495
1235078508
1234623525
1235079295
1235074532
1234619333
1235071254
1235082565
1235194103
1234625160
1235081815
1234618222
1235070911
1234626922
1234930496
1235072968
1235202727
1235079762
1234618833
1234930180
1235082788
1234622607
1235082117
1234623336
1234619135
1234929480
1234619505
1234932886
1235081544
1234619121
1235074028
1234619834
1235081411
1234618841
1235324003
1235072183
1234619443
1235079235
1234621629
1234618867
1235078487
1234623637
1235072207
1234623443
1235079579
1234930178
1235075889
1235075322
1235079015
1234620596
1234620385
1234624792
1235241972
1234620689
1234620642
1235078940
1235076560
1235074956
1235071852
1234622462
1235072378
1235082139
1235074579
1234619996
1235077820
1235323673
1235075187
1234928069
1234870361
1234929524
1235242402
1235081633
1235074950
1234619468
1235081709
1234621624
1234928919
1234619129
1234626460
1234622832
1234618682
1234618742
1234931854
1235078776
1235324138
1234626073
1235073531
1235081659
1235197515
1234622580
1234623886
1235078137
1234618781
1234623126
1235076770
1234618639
1235071717
1235080159
1234620774
1235072230
1235076917
1234619062
1235074947
1235082215
1235080554
1235079636
1235074214
2000201102
1235072037
1235071812
1235081635
1234626878
1234623356
1234618999
1235082512
1234620043
1235072280
1234627028
1234621478
1234620913
1235074974
1235075983
1235073899
1235081869
1234931886
1234926302
1234620029
2000201143
1235077754
1234927245
1235071369
1235323646
1235071662
1235191070
1235071693
1235075544
1234932939
1235082811
1235245461
1235072274
1234623448
1235082702
1234621373
1235077712
1235323742
1235072713
1235072714
1234619918
1235080535
1234618874
1234624066
1235082726
1235078313
1235078872
1235078952
1234618506
1234931236
1235081786
1234619698
1234622552
1235077028
1234618766
1234929509
1235076531
1234620035
1235077752
1234932387
1234619273
1235082227
1234926629
1235074971
1234618962
1235167489
1235077649
1234627045
1235073011
1234626339
1235079280
1235324122
1235074332
1235071835
1235078958
1235082617
1234618658
1235082370
1234626163
1234622724
1235078676
1234621378
1234626191
1235196762
1234870382
1235073332
1235082443
1234621287
1235074462
1235081727
1234626929
2000205468
1234621639
1234620054
1234620070
1234931317
1235078411
1235072753
1235323870
1235082147
1234627065
1235079055
1234620627
1235078770
1235082163
1235080655
1235075495
1234626837
1235073119
1235248642
1234620138
1235071605
1235074213
1235195647
1234619659
1234930031
1235323893
1235081900
1234626093
1234620474
1235081947
1234620139
1235081920
1235078844
1235196004
1235083517
1235075567
1234620014
1235076003
1235081939
1235071397
1235071114
1234621666
1235071503
1235324040
1234623920
1235199771
1234619310
1234931238
1235081412
1235324130
1235074556
1234624071
1234624695
1234626854
1235078410
1235078317
1234931797
1234619254
1235076746
1235073124
1234619248
1235200452
1235074016
1234626068
1235072253
1235256865
1235163097
1234620305
1235071989
1235071667
1235076525
1235323880
1234618731
1234619930
1234618598
1234621526
1234618636
1234620586
1235079249
1235072976
1234622729
1235081772
1234927594
1235076756
1235324069
1234620015
1234618253
1235077042
1235075878
2000205469
1234621093
1234618765
1234624092
1235071898
1235078315
1235082550
1235082384
1234931987
1234622452
1234624090
1235073350
1234933270
1234620945
1235162640
2000109995
1234620747
1235076576
1235071595
1234619241
1234626882
1235187374
1235075192
1235189527
1234928404
1235080355
1235078607
1234619586
1235081067
1234620905
1235074488
1234619989
1235079653
1234626268
2000114847
1235074060
1235079292
1234623066
1234621383
1235071385
1234618740
1234618189
1234623570
1235080527
1235324017
1234625326
1235196959
1234624797
1234619467
1234622742
1234626335
1235076751
1235077594
1235078421
1235078428
1234932423
2000165729
1235324173
1235324056
1234621436
1234626379
1234622691
1235080134
1235073826
1235072376
1235079670
1234619626
2000180739
1235074747
1235080140
2000185483
1235079433
1235071876
1234623647
1235323652
1235081921
1235081275
1234618830
1235073589
1235073171
1235082256
1235187885
1234619265
1234625373
1234931240
1234621321
1235194830
1235323978
1235082754
1234618864
1235072846
1234623685
1234625616
1235071841
1234619249
1234929477
1235079039
1234622664
1235078936
1234926689
1234620794
1235071078
1234620158
2000180742
1234623890
1235071565
1235078282
1234625614
1234624052
1234626885
1235200301
1234623339
1235071470
1234928062
1235074051
1234928632
1235081135
2000101296
1235079410
1235072854
1235082354
1234928400
1235323610
1235082490
1234626067
1234626361
1235073265
1235076779
1235071127
1235071990
1235081417
1234619277
1234625801
1234624727
1235242736
1234625771
1234870356
1234619281
1234618283
1235324074
1235078478
1234625127
1234625107
1235078980
1235076842
1234623797
1234626008
1235080692
1234620950
1235079011
1234925467
1234928917
1234928896
1234620643
2000201145
1234927932
1234625781
1235081911
1235082021
1234622168
1235082371
1234620955
1234929447
1235248644
1235075554
1235079297
2000214088
1235073578
1235074799
1235071050
1234870391
1234929074
1234622541
1235080653
1235083644
1235242261
1235080618
1235079760
1235071537
2000192375
1235324194
1235076804
1235081016
2000166524
1235071826
1234623415
1234626918
1234618204
1235074965
1234620350
1234626564
1235071875
1234926533
1234625324
1235196053
1235071831
1235073166
1234623519
1234620122
1235242655
1234624852
1235323688
1234930447
1235071592
1235079766
1234625131
1235082115
1235080153
1234619709
1234625048
1235075199
1235082790
1235071085
1234622482
1235071668
1234620272
1235194839
1235324065
1235082523
1235073840
1235324058
1234621407
1235076528
1234627007
1235075656
1235075536
2000109977
1235077119
1234625537
1235073836
1235073794
1235080697
1234625552
1235082626
2000201098
1235081536
1234618310
1235198276
1234619207
1234622236
1234622273
1234623355
1235074522
1235324081
1235073754
1235071988
1234618558
1235071905
1235078422
1235070896
1235324159
1235072045
1235073080
1235323607
1235073565
1235079422
1234619471
1235079291
1235079485
1234882659
1235082179
1235245215
1234622935
1234623132
1234620854
1235078534
1235078735
1235073907
1235081780
1235073076
1235080161
1234622185
1234621536
1234925629
1235080341
1234618677
1235071822
1235203219
1235324157
1234618359
1235073093
1234626235
1235082822
1234618575
1234626185
1234931791
1235323595
1235073654
1234926959
1235082511
1235073507
1235072855
1235078507
1234929048
1234625698
1235071070
1234625499
1235076881
1235082591
1234626337
1234623987
1234623560
1234927577
1235075243
1235071560
1234625739
1235075534
1234618710
1235323815
1234625556
1234621223
1235071410
1235242336
1235189936
1234624045
1235071181
1235189774
1235082779
1235195985
1234619644
1235324186
1235073637
1234620353
1235075537
1234623361
1234619173
1234619619
1234625439
1235074088
1235077038
1235077735
1234622232
1235080426
1235082070
2000201162
1235323920
1235081794
1234622477
1235073186
1235078314
1234625440
1235081941
1235081948
1235070978
1234619808
1234618903
1234626071
1234927015
1235073211
1235202564
1235256854
1235083223
1234618952
1234622191
1234626128
1234619530
1235081784
1234626187
1235082724
1234623489
1235072169
1234933260
1234619536
1234622629
1234621396
1234930516
1234622709
1235323991
1235188904
1234626014
1234626923
1234622497
1235323935
1235323888
1235080500
1235082780
1235083492
1235073751
1234619460
1235077593
1235074733
1234627119
1235242399
1234626051
1234625524
1234619050
1234618973
1235078592
1235324019
1235076414
1234622581
1234621525
1235079566
1234622170
1235195517
1234618760
1234623932
1234620871
1234930483
1235079354
1234620538
1235080699
1235076172
1234619811
1235071880
1235077045
1235188877
1234931885
1235082552
1235078784
1235075000
1235077502
1235188988
1235077646
1235072512
1235071180
1235081060
1235074065
1235073127
1235078768
1235202548
1234928028
1235077864
1234627054
1235079588
1234619721
1234621433
1234618728
1234625149
1235071581
1234618960
1234931316
1235074078
1234626441
1234625271
1234622301
1235079635
1234626203
1235323665
1234930371
1235076586
1235079638
1235074913
1235071072
1235077867
1235075211
1234625572
1235071552
1234619896
1235077812
1234625761
1235081043
1234624895
1234620023
1235070895
1234620217
1235080133
1235080439
1234619001
1234623605
1235071792
1235082699
1235073815
1235082815
1234621245
1235074940
1235323647
1235323739
1235324152
1235323749
1235076753
1235078987
1234927240
1235082611
1234620331
1235077647
1235074926
1235078473
1234626969
1234624926
1235077080
1234619412
1234933233
1234931428
1234619197
1235187817
1235073823
1235323687
1235082110
1235078737
1235077661
1234620257
1234621290
1235081516
1234620800
1234622480
1235071712
1234931315
1235072700
1234618958
1235075031
1234619946
1235071483
1235082143
1234626931
1235073089
1235080504
1234621048
1235075004
1234622903
1234625157
2000134077
1234930425
1235075501
1235242260
1235072344
1234626994
1234618564
1234623428
1234623480
1234623076
1234930625
1235078976
1234625259
1234926531
1235082113
1235323674
1234624804
1235081847
1234618843
1235077887
1234620392
2000109981
1235082624
1235074939
1234621418
1235075453
1235324092
1234620941
1234620529
1235194486
1234626157
1235077685
1235079089
1234620260
1235202561
1235080839
1235082808
1235074798
1235071166
1235196742
1235080523
1235081120
1235081749
1235070909
2000205421
1235071670
1234928026
1235070971
1235080652
2000118608
1234622594
1234624048
1235080877
1234622585
1235080660
1235079379
1235073638
1234625356
2000185484
1234620698
1234623073
1235187117
1235072858
1235075030
2000201146
1234929476
1234621410
1234625992
1235074222
1235080503
1234625660
1234626215
1234627135
1234619991
1235071190
1235082263
1234621671
1235073233
1235071366
1234618525
1235080124
1234625757
1234930372
1234620884
1234931795
1235073141
1234618706
1234623557
1235079389
1234619297
1234928635
1235072560
1235072996
1234933571
1235073466
1234622237
1234625550
1234619994
1234627099
1235075541
1234625812
1235071415
1234619111
1234930273
1234621660
1234931893
1235072046
1234625561
1234928414
1234928009
1234620897
1234620805
1235078733
1234620738
1235079881
1235071596
1235323972
1235080135
1235074492
1234619427
1234622748
1235082254
1235324095
1234619590
1234622587
