1235133147
2000086207
1234994637
1234911773
1234991767
1235024195
1235313126
1234718612
1235169776
1234798450
1235479329
1235215205
1235025861
1235024101
1235448535
1234720649
2000216358
1234696412
2000080446
1234781836
1235042671
1234631669
1234568955
2000217977
1234599817
1235307921
1234677130
1235018813
1234572885
1234599815
1234646811
1235078486
2000139178
1235281593
2000198047
1234582922
1235296097
2000167086
1235447811
1234595873
2000128785
1234977581
2000118103
2000127359
1235140608
1234679741
2000089906
1234620282
1235307795
1235042920
1234707816
1235451225
1234664018
1234687457
1234647731
2000165774
1235034943
1234857930
1234703220
1234640877
1235448365
1234653915
1235036265
1235039964
1234636917
1235296562
2000212864
2000152186
2000189595
1235020122
1235460562
2000150547
1234661730
2000128187
1234684027
1235174534
2000126391
1235298412
1234723628
2000078583
1235156891
2000149079
1234994787
1234853221
1235018604
1235284535
1234606234
1235169902
1234794805
1235135088
1234715569
1235017052
1235166498
1235108159
1234632760
1234692876
2000133023
1234884751
1234714472
1235020684
1234998289
2000198109
1234697844
1234997148
1234675375
1234804061
1234988839
1234618669
1234665193
1235024032
2000088077
1234673030
1235161585
1235012362
1235037684
1234666273
2000069094
1234629122
1234599864
1234654107
1235454587
1234981807
1234631107
1234674290
1234583742
1235152911
2000073476
1234828347
1234707586
1235479560
1234974059
1234836357
1234568985
2000111586
1234639683
2000151153
1235018353
1234696787
1235452813
1235310279
1235029113
2000148919
1235029425
2000191349
1235319417
1235153761
1234682583
1235015953
1234681190
1235000957
1235303864
1234636973
1235082782
1235011071
1234981787
1235135662
2000114629
1235073727
1235169603
1235030793
1234680391
1234682271
1234691680
2000133373
2000131753
1234985115
1234685540
1234655922
1235285632
1234572151
2000178999
1235033428
1235455209
1235104216
1234911803
1234847778
1234600720
1235295111
1235019501
1235035970
1235013581
1235315035
1235034915
1235310631
1234709524
1234645891
1234774692
2000191298
1234690554
1235038069
1234645262
2000137748
1234997437
2000088078
1235452451
1234601161
1235300384
1234631949
1235479203
2000133224
1234987249
2000145878
1234722950
1234618304
1234596473
1234650509
1234661987
1234682389
1234643783
2000114325
1235302330
1234599929
1234678059
1234659089
1234580427
1234703291
2000069553
1234686569
1235113024
1235312039
2000190440
1234573526
1235028799
2000122142
1235012736
2000128604
1234659482
1235132281
1234644370
1235237119
1235016544
1234601323
2000197352
1235470677
2000130317
2000165979
2000090215
1234653159
1234651502
1234677469
1234699949
1234688447
1235303724
1235025365
1234665257
1234621555
2000087405
1234671130
1234633052
1235471696
1234655091
1235429294
1235130361
1234669691
1234621512
1234575691
1234648151
1235010360
1234971702
1234585258
1234975784
1235104715
2000070318
1234973773
1234769763
1235020153
2000190988
1235153846
1234670738
1234643197
1235043203
1235121656
1234674082
1235009615
1234986551
1235298218
1235126093
2000150136
1235028710
2000151408
2000119255
1234597485
1234674330
1235294180
1234980792
2000133509
2000218108
1235141334
2000213116
2000119711
1235452357
1235167307
1234991870
1234991922
1235256833
1235075847
1234577610
2000218598
1235285101
1234685764
1234713512
2000119521
1235303911
1234643330
1235125326
1235004436
1235007341
1235453666
2000190750
1234664976
1234645819
1234646496
1234683120
1234697851
1234595635
2000072539
1235306281
1234601400
2000084136
1235315160
1234631696
1235124868
1234644868
2000124654
1234996205
1235317135
1234593063
1234996017
1234697262
1235448033
2000067485
1234672063
1234576525
1234605911
2000178633
1235014406
1234674018
1235484579
1235316325
1234669474
1234689353
1235452191
1235430105
1234999040
1234701532
1234649131
2000119851
1234698685
1234695564
1235082831
1235126193
1235070916
2000212806
1235155690
1234841701
1234710348
1235449275
1234677868
1235118280
1234573543
1235165500
2000191560
2000032977
1235323815
1235323541
1235247699
1235114657
1235022447
1234666154
1234673896
1234600885
1234993535
2000152407
1234883966
1234698709
1235440233
1234631927
1235018109
2000212901
1234974693
1234658781
1235004125
1234672905
1234585513
1235304988
1234990957
1235310612
1235446473
1234683343
1234690240
1235077785
1235171592
1234604474
1235082113
1235036751
1235298076
1234695543
1234601286
2000072224
1234928025
1235234704
1235450651
1234717273
2000066689
1235159103
2000121638
1234580669
1234650188
1234975796
2000070712
1234659310
1234693695
2000114445
1234696890
1235105337
1234636588
1235296645
1234595295
1234999318
1234991168
1234701399
1234641671
2000126785
1235122072
1235025396
1234641836
1235173479
1235305743
1234994676
2000120487
1234995425
1235457038
1235453222
1234717271
1234569741
1235028593
1234930499
2000112417
1235070947
1235314936
1235454228
1234708439
1234973987
1234988043
1234849043
1235296761
1234995309
2000151236
1235448456
1235167849
1234681272
1234664629
1234571534
1234691665
1234637860
2000106892
1234857470
2000070682
1235257516
2000081232
1234584702
2000074661
1235457323
1235030877
1234811799
1235308174
1235012514
1235078927
2000111918
1234699762
1235252419
1235031161
1234798010
1235157650
2000218277
2000217815
1234674687
2000131930
1235300207
1235291452
2000067135
1234644345
1235290711
1234587054
1234995078
1235448009
1234701504
1235156029
1234989502
1234641533
1235153822
2000146406
1235201377
1235006378
1235022261
1234998098
1235123322
1234988843
1234991137
1235314683
2000137761
2000072853
1235486447
1234687893
2000130429
1234642375
2000167607
1235301765
1234619700
1234999386
1234996068
1235022558
2000202603
1234995718
1235131779
2000204388
1234884055
1235456571
1234849478
1234655185
1235295236
1234578757
2000219199
1235141358
1235021051
2000122119
2000130357
1235024175
1234704098
1234701394
1235454182
2000070004
2000074018
1235320226
1235148986
1234596090
1234708081
1235173575
1234859610
1234996190
1235169081
1234979442
1234712975
1235292451
1234991768
1234606436
1234624891
1235457394
1234597569
1234979045
1234697921
1234800213
1234704786
2000145475
1235030639
1235130647
1235238135
2000208205
1234712286
1235013928
1235309184
1234852243
2000124656
1234656064
1234568405
2000114831
1234586061
1235170994
1234590242
1235461039
1235006259
1234606156
1234679315
1234993500
2000213754
1235293844
1234569647
1235284591
1235311136
1235018659
1235238296
1235074940
1234641663
1235029982
1234710338
1234589992
1234596025
1235440042
1235020324
1235487035
1235130435
1234665064
1235302035
1234584551
2000148969
1234834885
1235036865
1234998772
1234573301
1234666562
2000197200
1234827549
1235182041
1234591376
2000192364
1234642592
1234599716
1234571183
1235075992
1235455822
1235042602
1234991740
1234694514
1235303976
1235313578
2000144211
1234723132
1235440792
1235316610
1234704299
1234672709
1234679640
2000113585
2000113433
1235453198
1234584188
1235313269
1235471926
1234641594
1235019181
1235440781
1234649478
1234789119
1234606322
2000118258
1234858944
1235129689
1235019136
1234675156
1234970010
1235170171
1234676813
1235201192
1235000094
1234847569
2000078149
1234577539
1234854813
1235004178
1235296367
1234721208
2000145964
1235030177
1234589177
2000065076
1234683108
1234639358
1235454503
2000107621
1235472004
1235319600
1234577555
2000213394
1235017320
1234717733
1234594687
1235037842
1234993925
2000079219
1235003795
1234664736
1234718715
1234722180
2000128787
1234979030
1235453140
1234650363
1235030061
1235148796
1234673171
1234713188
1235137747
1234649018
1235315807
1235453539
1234571388
1235443214
1235430014
2000214935
1234660284
1235017504
2000201844
2000129505
1235003501
1235171857
1235129453
1234696110
2000189567
1235317193
1235234010
2000068087
1235440048
1235150812
1234575934
2000135537
1234662606
1234715981
1235479733
1234646777
1234697641
1234669932
1235153808
1234644311
1235024331
1234682555
1235137654
1234571199
1234649496
1235257642
1235074167
2000136957
1235448123
2000092535
1234984960
1234769814
1234637209
1234657260
1234643775
1235028985
1234984566
1235027651
2000129150
1235214098
1235026147
1235440627
1234792058
1235484697
1234595533
1234999623
1235305598
1235141950
2000072962
1235030280
2000134695
1235301635
1235108055
1234836076
1234572772
1234721864
1234815429
1235234944
1234683949
1234588705
1234799891
1235457714
2000178876
1235136901
1235011278
1234671160
1234633506
2000086417
2000121528
1234620002
1234633868
1234843507
1234597888
1234662031
1234979384
1235015777
1234645416
1235310805
1235074716
1234972278
1234848005
1235311755
1234693881
2000112964
1234691574
1234884774
2000151293
1234986882
1234671246
2000077144
2000123029
2000150221
1234665695
1235042619
1234651750
1234664413
1234638614
1234984285
1234693941
2000062716
1234657528
1234719523
1234719005
1235006686
1234980259
2000119798
1234632640
1235312892
2000112751
2000072492
1235151529
1234688055
1234703765
1234600997
1234930177
1235116369
1235148603
1235108418
1234687459
1235144679
1235006270
1234680718
1235013564
1234995967
1235195334
1235462312
1234723101
2000152087
1234987707
1234976106
1235314015
1234671893
2000074558
1234990619
2000076285
1234986727
1234632860
1234663062
1234640737
1234715182
1234576903
2000150645
1235024708
1234684722
1235137922
1234629039
1234585863
1234788244
2000090415
2000065537
1234790173
2000123702
1235032209
1234991193
1234982492
1234719220
1235307251
1235304411
1234657764
1234594083
2000121580
1235305278
1234774221
2000106491
1235166610
1234713110
1234692423
2000209176
1235286285
1235313277
2000088363
1235234616
1235303076
1235439168
1234659500
1235038395
1235144611
1234682290
1235308031
1234882392
1234654073
1235138559
1234668725
1234618714
1234804884
2000201114
1234698066
1234677271
1234884899
1234703359
1235146268
2000062693
1234698770
1235313076
1235317121
1234673494
1235450216
1235456387
1235281300
1235448396
2000106267
1234656279
1234603799
2000152176
1235038129
1235105297
1235450202
1235462723
1234595615
1234692118
1234813544
1234808138
2000146897
1234668704
1235450803
2000074423
1235252473
2000126977
1235165727
2000186659
1234663751
1235010976
2000084076
1235306138
1234605184
1234859574
1235118705
1234848244
1234650871
1235136082
1235023108
1235168131
2000066051
1234977753
2000111709
1234627098
1234852690
1235173643
1235254715
1234976818
1234992605
1235461113
1235301830
1235029863
1234698478
1235022167
1235453077
1234722785
1234697746
1234666092
2000092339
1235314765
1235104732
1235439891
1234996365
1234998914
1234677976
1234807599
1234682422
1234990529
1234648061
1235032574
1235167155
1235447552
2000213446
2000069816
1234996694
1235457845
1235129674
1235043275
2000090163
1234593802
1234931622
1234802698
2000124066
1235238552
1234652200
1234720346
1235216074
1234987871
1234636364
1234633439
1234711355
1235457553
1234606429
1234975572
1234573865
1235319335
1234599067
1235460510
1234709292
1234631714
2000146280
1235216830
1234693885
1235448431
1234854715
1234688196
1234692794
1234602106
2000217042
1234601612
1234698220
2000130580
1234603176
1234655483
2000196493
