2000125058
1234991981
2000133057
1235015180
1235036919
2000122529
2000125221
1235009310
1234988812
1234980852
1234975408
1235017187
1234981018
1234997878
1234974450
1235026493
2000121100
1235027793
1234974964
1235042028
1235018245
1234990557
1234973406
1234984344
1234977903
1234974832
1234979570
2000131969
1235035981
2000124565
1234997244
1235006914
2000125037
1234994373
1234973593
1235028250
1235011955
1235023616
1235021444
1235014476
2000133434
1235029821
2000125409
1234989154
1234986695
1235015432
1234982124
1234987921
1235000843
1234984981
1235025091
1235030581
1235017932
1234991157
1235021852
1235039896
1235036875
1235012923
1235010311
1234986541
1235028508
1234971301
1234984728
2000133284
1234973415
1234980123
1234976872
1235024136
1235026842
1235027877
1234989184
1234988478
1234978195
1235042212
1235003286
1235013849
1235027345
1235011732
1235020288
1234987094
1234985502
1235041473
1235030697
2000124336
2000119846
1234975002
1235028807
1235013642
1234986900
1235036393
2000133393
1234979634
1235006899
1234988073
1235038706
1234990298
1235042135
1234999837
1234978260
2000133084
1234971403
1235033238
1235013765
2000125315
1234986780
1234997809
1235038371
1234993460
1234981345
1235002952
2000130502
1234997921
1234994898
1235027646
2000124389
2000125198
1234998804
1234993867
1234973917
1234973193
1234975173
1235039742
2000121983
2000133235
2000129879
1234988723
1234997514
1234985550
1234999760
1235026170
1235018728
1235020035
1234983774
2000121154
1235000884
1234999069
1234992476
1235020719
2000124408
1235012070
2000125370
1234991801
1235040620
2000121429
1235032760
1235013973
1235019874
2000122642
1235000971
2000133677
1235041743
2000132494
2000126157
2000124406
1234992107
1235027273
1234977879
2000126187
1235034016
2000121614
1235015028
1235041759
1234996889
2000131806
1235017678
2000122594
1235028729
1234995409
1235018425
1234998489
1235020663
2000133362
1234998895
1235041570
1234997218
1234977619
1235008699
2000132333
2000124959
1235011871
1235019665
1234971058
1235010177
1234974046
1235021106
1235007479
1235023828
1235020907
1234992519
1235007019
1235012559
2000121280
1234985819
1235009112
1235032106
1235014495
2000131214
1234987033
1235013638
1235021769
2000120338
1235001870
2000125527
1234973951
2000192025
2000122419
1235032401
1235042050
2000130051
1235037729
1235030710
1234989461
1235024171
1235028569
2000133397
1235010623
1234995578
1234975340
1234979934
1235022657
1234999713
1235015068
1234976226
1235014311
1234994910
1235039497
1235023088
1234986508
1234993138
2000120487
1234987131
1235036047
1235014021
2000121911
1234972335
1234986231
1235011939
1235017225
1235041465
2000123247
1235034140
2000124073
2000124981
2000132739
1235036761
1235042207
2000130494
1235037846
1235033190
1234984954
1235034563
1235026928
1235026425
1235033110
1235011580
1235040958
1234987367
1235038409
1234979139
1235010044
1234976783
1235025711
1234992920
1234996372
1235010516
1234995651
2000126341
1234986692
2000125634
1234987071
1235021543
1235034298
1235015383
1234999309
2000124072
2000125170
1234980359
1235033182
2000123552
1234984308
2000192295
1235042222
1234989538
1235003329
2000120004
1234986924
1235042400
1234994799
1234972189
1235007526
2000131672
1234981563
1235018375
1235042962
2000130966
1235019216
1235042652
2000125988
1234985554
1234979982
1235024609
1234977435
1234977712
2000122165
2000133233
1234984689
1235023894
1235013004
1235022932
1235019077
1235042228
1235017328
1234997339
1235036388
1234980390
2000131480
1235023219
1234995226
1235009579
1235011653
2000129174
1234999394
1234991709
1235022925
1235031195
1235028494
1234978507
1235025352
1235007790
1234996466
1235016865
1235010185
1235042749
1235009090
1235029143
2000129663
2000132064
1234984510
1234985544
1235010304
1235017981
2000127079
1234971613
2000131960
1235029359
1235012700
2000120844
1234994340
1234972634
2000126140
1235028206
1235041146
1235017109
1235032929
1235027807
2000131420
1235010370
1235020743
1234986153
1235013725
1235021708
1235013723
1234976089
2000131588
1234980307
1235018361
1235022653
1234988703
1235007383
2000129685
1235003840
1234980869
1235007541
2000129645
2000128212
1235026018
1234994770
1235011667
1234996203
1234996405
2000122703
1235007530
1235032023
1234990363
2000121519
1234978399
1234985255
1235034076
1235015131
1235029941
1235009258
1235042579
1235000106
1234976620
2000126462
1235021829
1235042381
1235001883
1234995358
2000130470
2000119731
2000124871
1235021295
1234974338
1235030343
1234982419
1234981094
2000192035
2000123203
1234981258
1235040954
1235018151
1234993991
1234978378
1235027319
2000132089
1235042696
1235015192
1234992208
1235011221
1234984566
1235041141
1234973983
1234993101
1235017896
1235024552
1234979762
1235032303
2000121922
1234987727
1234976406
1234975419
1235043110
1234997881
1234984062
1235015520
1234992617
1234973291
1235030793
1235017939
1234985745
2000133308
1235042614
2000130501
1235041938
1235013236
1235003077
1234977858
2000119938
1235033558
1235006267
1235003177
2000123677
2000122634
1235025580
1234995645
2000130091
1234993833
2000128114
1235009946
1235013807
1235029527
1235008085
2000120460
1235003634
1234994630
1235017381
1234975083
1235028829
1235003539
1235025200
1235030361
1235016734
2000124318
1235015547
1234986999
2000127886
1235036671
1234973824
1235042457
1234980518
1235007304
2000133204
1235017317
1235013777
1234991631
1235022291
1235012083
1234993614
1235003896
1234979175
1235003189
1234983479
1235023017
1235026771
2000127243
1235003486
1235037600
1234998377
2000131657
1234987946
1234994995
1234974006
1235008024
1234986027
1234972549
1235042160
1234974030
1234977709
2000126877
1234987211
1234995200
1234979120
1234988923
1235010580
1234995549
1235039842
1235025365
1235006934
1235011628
1235016224
1234980763
1235042540
1235006767
1235034386
1234990547
1234971410
1235009498
1234989359
2000121712
1234984423
1235010351
1235006208
1235028152
1235027269
1234971480
2000125666
2000123473
1235030756
1235008990
1235036775
1235016967
1234973630
1235011154
2000130048
1235013161
1234972454
1235017935
1235040950
1235020894
1235026914
1234975248
1235005647
2000126787
1235018509
1235027521
1235035721
1234975943
1235042487
1234987082
1235038009
1234975359
2000128823
1234983543
1235021035
1234988802
1235009106
1235003193
1235037014
1234995773
2000126717
1235036268
1235021434
1235013650
1235012713
2000125624
1235020524
1235034163
2000124380
1235020038
1235025040
1235043021
1235026207
1235002404
1235023215
1235027033
1235022030
2000131007
1234994459
1235000323
1235038261
1235006307
1234988061
1234997337
1235010552
2000124084
1235042262
1235041683
1235014791
1235037049
2000122572
1235015229
1235021984
1234986557
1234975040
1235041290
2000121086
1235020975
1235042642
1234985141
2000124438
2000125901
1235002725
1235032808
1235023782
1235010205
1235014836
1235019235
1235006232
1234993159
1235021435
2000129450
1234995882
1235009978
1235037131
1235024577
1234988767
1234975980
1234975692
1235022449
1234988282
2000133706
2000123207
2000121487
1234984039
1235000501
1235016826
2000132864
1235030753
1235025518
1235009101
1234997356
1234997214
1234989554
1234995493
1235001121
1235012183
1234973755
1234993706
1234972096
1234972365
1235001111
1234979412
1234987835
2000127081
1234986212
1235010367
1235028069
1234984639
1235020853
1235041741
2000124668
1235010546
1234993979
1234995627
2000127270
1234987251
2000119788
1235028982
1234976144
1234975062
2000126956
1235001720
1235021815
1234997642
2000119847
1234988907
1234996220
2000192206
2000120743
1235029394
1234990763
1235016067
1235011986
1235006327
1235000405
2000133463
1234986481
2000132270
1234977602
1235025680
2000122771
1235022647
2000124894
1234973254
1235021661
1235030137
1235030041
2000125511
1235039499
2000126892
1235013065
1235030231
2000130589
1235015507
1234971114
1235033112
1234970942
1235028373
1235013775
1235037714
2000124725
1235010468
1235024465
1235009976
1235037847
1235027798
1235010087
2000120007
1234976877
1234995485
1235000328
1235014543
1234997552
1234985427
2000126149
2000129405
1235025374
2000131067
1234984619
2000121070
1234991009
1235012999
1235006961
1235019782
1235013685
1234986843
2000120765
2000132651
1235024027
2000120513
2000127050
1235011819
1235041798
1235007344
1234986298
1234979044
2000124476
1235003284
2000131426
2000121452
1234991162
1234980685
1235008680
1235022173
1234981411
1235041496
1235017710
1235015622
1235034021
1234996930
1234997099
1235016168
2000132823
1235006491
1234989244
1235036280
1234985765
1235003906
1234975329
1235029958
1234982092
1234986142
1234988644
1235015415
1234986313
1234987217
1235026889
1235040498
1235018350
2000131460
1235009631
1234973120
1235042345
1235000467
1235004100
2000122696
1235019581
1235010043
1234998749
1235022650
1235006081
2000132834
1235009423
2000131489
1234987109
1235003640
2000131878
1235013827
1234996029
1235024090
1235034207
1234976704
2000120961
1235035176
1235018521
1235034271
2000125725
1235025293
1235022377
1234982135
1234986370
1234971652
1234992965
1235004225
2000125293
1234977819
2000195734
1235019630
1235006987
1235025956
1234985798
1235000781
1234994189
1234981744
1234979442
1235019253
1235004467
1235032223
1235006159
1235006342
1234993951
1235013760
1235035168
1235033619
1235008805
1234994600
1234971314
1235041525
1235022693
2000133039
1235001908
1234974509
1234988123
1235037082
2000122335
2000121938
1235031270
1235009979
1234984858
1235025257
1234971484
1235013860
1235028191
1235006653
1235003890
1235040900
1235021150
1234993771
1235027750
2000128153
1235022331
1235018008
2000132677
1235007611
2000126129
1235033607
2000121489
2000122036
1235016073
2000133100
1235021591
1235022840
1234974314
1235021895
1235028216
1235018449
1234980973
1235003839
1234984880
1234975733
2000124675
2000128199
2000132221
2000133408
1234993002
1235007327
1235030115
1235006241
1234971699
1234996291
1235032598
1235028116
1235002732
2000124162
1234976518
1234975303
1235030165
1235000357
1235007942
1235032797
1235042886
1235008507
1235013202
1234990830
1234974370
1235013148
1234996992
2000123846
1234999164
1234985520
1235038478
1235018543
1235014407
2000122385
1234999091
1235010743
1235014148
2000133518
1234994968
1235038445
1235040023
1235020742
1234979404
2000131511
1235042878
1234987402
1234984730
1235037858
1235000540
1234997749
2000120109
1235010763
1235025901
1235042022
1234993442
1234997473
1234999761
1234986270
1235004009
1234982222
1235026876
1235020001
1235014562
1235021660
1234976237
1235032756
1235022857
2000123562
1235000458
1235031882
2000132943
1235012384
1235029917
1235013710
1235035338
1235039757
1235003997
1235014309
1235001104
1234976110
1235030086
1235029337
1235019686
2000133050
1234983409
2000131291
2000128231
1234996656
2000132552
1234971475
1234981201
1234988535
2000121462
1234997224
1234984815
2000129404
2000127018
2000122960
1235043134
1235006843
1235013633
1235010072
2000132652
2000132522
1235003317
1235012728
2000131823
1235042278
1234973639
1234984319
1235011869
1234992708
1234996462
1235001904
1234982100
1235031172
1235025367
1234975679
2000121189
2000128047
1235027529
1235024921
1234980884
2000130992
2000120067
1234981391
1235017748
1235030995
1235028268
2000132500
1234986110
1234992671
1235043154
1235007794
1235028208
1234987817
2000126299
1235028275
1235024861
1235028728
1234988931
1235010298
1235012149
1235030688
2000125792
1234976045
1235000122
2000122593
1235037554
1235008399
1235004020
1234981670
1235040699
2000126055
1235004469
1235026309
1235043187
1235012755
1235032619
1234981291
1234983713
2000133429
2000129264
1235006104
1235042456
1234987040
1235007401
1235003224
1235018692
1234981645
1235043062
2000130825
1235016210
1235042744
1235026076
1235017207
1234984570
1235014705
1235033389
1235042626
1234996209
1234978178
2000130156
1235029776
1234984919
1235010509
1235039509
2000124767
1235030378
1235028035
1235022709
1234999496
1235028397
1234971169
1234972530
1234989970
1235011600
1235029102
1234997848
1235027773
2000122836
1235019043
1235020614
2000125569
2000133269
1235016304
2000133833
2000192028
1234981658
1234985534
1235013665
1235040963
1234981803
1234995049
1235018663
1235039476
2000128828
1235038405
1234972197
1234975460
1234976221
1235035177
2000124470
1235018537
2000125375
1235042834
1235017160
1235027459
1235041506
2000128615
1235015241
1235004447
1235016450
1235020939
2000133314
1235011308
1235002263
1235007472
1235001079
1235027957
1235041523
1234994289
1234985425
2000126035
1235041750
1235041489
1235025972
1235038257
1235006456
2000129220
2000123155
1235029306
1234971648
2000128070
1235020318
1235007125
1235016971
2000133210
1234976552
1234983735
1235001536
1235025193
2000124711
1235014835
2000127255
1234971117
1235009067
1235015660
1235000720
1235000494
1234991388
2000121736
1235010157
1234996243
1234984306
1235006294
2000131824
1235023983
1235037155
1234976849
1235013007
1235032105
2000131247
1235003313
1234980773
1234988596
2000124794
1234980397
1235027679
1235011222
1235037114
2000125871
1235017416
1234980156
1234973486
2000131062
1235008436
1234999104
2000121143
1235016126
1235019988
1234991591
2000125663
1235018281
1235033879
2000133165
2000123427
1235012900
1235000511
1235037781
1235024149
1235003115
1235029438
2000129409
1235005721
1235020571
2000121645
1235025655
1235022969
2000119889
1234974480
1235028558
1234996176
1235007039
1235029006
1234995474
2000126596
1234983041
1234986505
1234993916
1234977351
2000127258
1235025632
1234989999
1235016341
1234976615
2000131325
1235003172
1235005734
1235019860
1235027942
1234981342
1235010974
1235002393
1234977473
2000123686
1235037565
1235028424
1235010492
1235033456
2000129487
1235014557
1235003945
1235039741
1235009974
1234972527
1234984809
1234974763
1234989196
1235019319
1235017006
1235016721
1235012729
1234977014
1235019110
1234993175
2000123948
1235008533
1235031860
2000130678
1235024272
1235019747
1235020945
1234986391
1235035997
1234979043
1235008415
1235001059
1235012351
1235001470
1234983686
1235016854
1234990587
1235042368
1235036232
2000121455
1234989271
1234993222
1235042730
1235025528
2000124900
1235009681
1234998477
1234979698
2000123268
1234997924
1235040016
2000128647
1234976218
1234981737
2000130413
2000130743
1235042870
1235009096
1235034704
1235006040
1234975798
1234971236
1234975378
2000128792
1235032931
1235021934
2000129640
1235043148
1235041893
2000129269
2000129332
2000127645
2000126740
2000120463
1235025749
1235009138
1234986799
1234974218
2000121654
1234991876
2000125551
1234993971
1234997561
1235007067
1234990629
1234982448
1234996529
2000130817
1235029107
1235009141
1234978395
1235043065
2000133194
1235038547
1235015296
1235008810
1235020168
1235005663
1235029297
1235004499
2000133896
1234993082
2000120861
1235009513
1234984064
2000131292
1234993156
1235023437
1234976660
1234977937
1234991290
1235041842
1235010397
1235036969
1235041157
1235021900
1234972323
2000132900
1234986326
2000123810
1235017717
1235030096
1234988604
2000128813
1234995168
1234971885
2000124588
1235014234
1235036762
2000123778
1235029399
1234982116
1234999860
1234985131
1235030368
1235023066
2000124480
1235042350
1235036263
1234979657
2000125789
1235038424
1234993710
1235031076
1234973674
1234983642
1235002482
2000119920
1234982429
1234990952
1235009425
1234972501
1235001681
1235027336
1234989455
1235031070
1235010197
1235027410
2000125820
2000129907
2000123196
1234993925
1234986534
2000131817
1234995562
1235022180
1234995675
1235025789
1235028168
2000131030
1235013843
2000123502
2000128401
1235024128
1234985233
1235027293
1234996226
1234973455
1235012455
2000119887
2000129478
1235003270
2000126555
1235000972
1234996932
1235008422
2000131326
1234986245
1235002564
1235041753
1235024906
1235026818
1235015174
1234974812
1234970949
2000130797
1235022677
1235016016
1235014696
1234979047
1234994263
1234984550
1234990007
1234992489
1234993268
1234998779
2000130613
1235000837
1234985935
2000126007
1235020940
1235006114
1235014478
1234982263
1235007586
1235011855
2000121977
1234971520
1235020183
1234983744
1235013055
2000129941
1235006569
1235009099
1234975803
1235036523
1235022051
1234996684
1234980905
1235016790
1234971861
1234990364
1235007342
1235001291
1234979152
1234980208
2000132161
1235009919
1234993994
1234993648
1234980368
1235035572
1235030862
2000133763
1235042059
1235032083
1235037806
1235012027
1235020399
1235005649
1235004004
1234999679
1235009991
1234994422
1234990765
1234979201
1235017689
1234996009
1234992159
1234995121
1235015007
2000127294
1234981556
1235017341
2000129157
1234980511
1235037463
1235029283
1234979290
1235001153
1235029090
1234988646
1235013578
2000131754
1235012697
1234997772
1235042801
1235007678
1235000068
1235030500
1235013595
1234988173
1234992431
2000129203
1234992923
1234994903
1235007565
1235036259
1234990463
1234973177
2000130646
1234976919
1235013817
1234997692
1235014058
1235001549
1234992057
2000192173
1235026815
1235020210
2000120724
1234977421
2000123945
2000122709
2000124546
1235025690
1235015223
1235028645
1235023880
1235014658
2000130947
1235034095
1234992912
1234997328
1235033232
1235043011
1235024674
1235038029
1235036959
1235034500
1234981662
1235019400
1235021141
1235008937
1234994023
1234973506
1234992579
2000120377
1234971481
1235025707
1234980647
1234998162
2000129815
1234991163
1234980404
1235009945
1234979796
1234972034
1235028978
1234983451
2000032355
1235013173
1235010084
1235023789
2000121286
1234990344
1235016838
2000123151
2000121553
1234980755
1235024418
1235033791
1234973229
1235014584
1235021727
1235022278
1234994130
1234987624
1235034097
1235035207
1235004419
2000125584
1235036497
1235032167
1235009605
1234999317
1235012945
1235015471
1235025114
1235015684
1235038279
1234991847
2000124797
1234988102
1235014702
2000126391
1234993471
1235002356
1235006585
1234986658
1235005606
2000131891
1235004616
1235007115
1234973397
1235042188
1235024517
1234974211
2000121056
1235024459
2000129553
1235015654
1234980422
1235024482
2000127784
2000131413
1234986055
2000125872
1235002682
1234989055
1235040760
1234986123
1235018303
1235002540
1234991296
1235015814
1234974300
2000120214
1235005625
2000129864
1234985932
2000120483
1234973496
1235013518
1234974041
1235035258
1235008036
1234976097
1235034240
1234994049
1235042090
1234976134
1235018131
1235026332
1235010246
2000131524
1235042033
1235003818
2000129382
1235000876
1234995365
1234992490
1235033454
1235019263
1235020455
1235025148
2000128113
1234986803
1235027399
1235027712
1235039848
1235020671
2000125692
2000127964
2000127703
1235042637
1234975484
1235040669
1235007778
1234976155
2000126570
1235040969
1235006770
1235009701
2000125083
1235019643
2000123998
1234979220
1234991203
1235033534
1234973493
1234973623
1235037253
1235034506
1235030061
1235015503
1235027796
1235017481
1235024506
1235003703
1235006617
2000127564
2000130437
1235001080
1235034155
2000126962
1234973163
1234999738
1234975184
2000122748
1235007301
1235033269
2000130907
2000133651
1235019651
1234979576
2000133885
2000122762
1235043209
1234971555
1235029793
1234989013
1234975539
2000121492
2000125135
1235022524
2000127668
1234987881
1235024746
1235000660
1235003751
1235015141
1235034550
1235007621
1235034410
1234975867
2000128206
1234971242
1235007186
1235036443
1235030358
2000119741
1235028788
1234988527
1234996218
2000120327
2000122716
1235011083
2000126729
1234980449
1235026008
1234978472
1235039771
1235008360
1235018837
1235010536
1235031007
1235031232
1235034206
1235025060
1235031947
2000125597
2000122715
1235005706
2000130003
1235003891
1234986558
1234978313
1235041989
1234999492
1235007388
2000129103
1235041149
2000129100
2000127108
1235037395
1235002698
1234982069
2000131775
1234995275
1234975289
1234991139
1235027891
1235032912
1235011349
1235038248
2000129101
1234995600
2000124614
2000129998
2000125278
2000125488
1235010642
1234981783
2000125164
2000124096
1234998708
1235026263
1235020514
1235021819
1234997910
1234997949
1235011594
1235006891
1234975958
1234977633
2000124913
1235035060
2000127224
2000124348
2000126207
1235006112
1235039653
1235018992
1235036013
1234980997
1234980057
2000129143
1235042114
1235037321
2000131581
2000130192
1234981761
1235032359
2000133471
2000126755
1235036223
1235009048
1235021544
1234998286
1234997590
1235025935
1234974905
1234994177
2000130115
1234980105
1235038426
1235041491
2000122485
2000126520
2000120426
1235032943
2000131008
1234986669
1234996619
2000125153
1234987098
1235020003
1234979080
1235037706
1234992418
1234999520
1235014660
1235037434
1234977309
1234998197
1234973571
1235006044
1234998818
1234979757
1235002753
1234981579
1234974667
1234990740
1235041755
1235042895
1235031134
1235012373
1235014174
2000122686
2000129528
1235041096
2000126785
1234997747
1235010754
1234981229
1234991901
1234994618
1234997845
1234996083
1235010823
1235014157
1234988920
1235022182
1234972551
1235006566
1234974907
1234999579
2000126200
1235003479
1234985560
1234991640
1235024511
1235006144
1235007126
1234978283
1235018021
1235010706
1235041144
1234994358
1234995400
2000119680
1234997072
1234998813
1235028549
1234990067
1235009114
1234979949
1234993527
1235035815
1235020264
2000121678
1235013861
1234986878
1235010485
1234972676
1235006916
1235000701
2000131952
2000126772
1235027943
1235001826
1235007107
1234980516
1235012658
2000133783
1235022023
1235008632
1235024210
1235011364
2000133687
1234991041
1234981155
1234984568
2000119917
1234976885
1234986434
2000127203
1234991936
2000130795
2000129636
1235042840
2000133967
1235005589
1234993733
1234984661
1234971409
1234996111
1234988665
1234996158
1235010462
1234977727
1235014743
2000121834
1235027274
1234982080
1235036281
1235030937
1235031185
2000122592
1235011967
1234993095
1235007679
1235029176
1235024126
1235023641
2000127264
1235035187
1235003334
1234997656
1235006519
2000130971
2000124131
1234974005
1234999828
1235036387
1235039775
1234977628
1234976794
1234999829
1235003508
1234993054
2000128298
1234987003
2000123914
1235025103
1234985968
2000121969
1235042972
1235025954
1234975597
2000122198
1235021156
1235023177
1234984334
1235018442
1235006085
1234992456
1235006183
2000120746
1234978222
1234987657
1235016184
1235007938
1234983548
1235006634
1235029817
1234998810
1234985540
1235010338
1235023534
1234981188
1235026171
1235009095
1234971518
1235034826
1235014751
1235038590
1235029964
1234999757
1234995858
1235010469
1234982260
1235027922
2000126407
1235040642
2000128788
2000131599
1235003561
1234991239
2000129288
1234998807
1235009716
2000131654
1235012576
1235003971
1234974671
1235004525
1235011631
1234987954
1234984486
1234988304
1234980848
1234975142
1234995712
1234997022
1235007137
1235007504
1235008326
2000121182
1234976125
2000131595
1235024074
1235020166
2000122753
1234996138
1235033502
1234983736
1234987045
1234977864
1234994096
1234974771
2000131383
1235043214
1235016087
1235021715
1235021865
1235029391
1234992233
1235031300
1234987882
2000126808
1235032542
1235028547
1235028531
1235034219
1234988046
1234986485
1235034403
1235040597
1235017132
1234978444
2000130078
1234989481
1235014799
1235034493
1234985449
1235021157
2000126865
1234995926
1234984414
1234987966
1235015314
1235043111
1234990315
1234994370
1235028593
1235014280
1235025035
1234975868
1234997302
1234974500
1234972314
1235025067
1234987270
1235029921
1234979148
2000125250
2000126139
2000123184
2000126426
1234976835
1235001784
1235018961
1235034267
1235038282
2000192195
1235013559
2000132839
1235029074
1235021616
1234980714
1234987226
1235028580
1234971598
2000126921
1235025837
2000124683
1235002372
1235001938
1234991156
1234987027
2000125630
2000127890
1235015291
1234979009
1234986979
1235036757
1235042316
1234989233
1235011663
1234977348
1235002502
1234986798
1235008766
1234974798
2000127187
1235030372
2000129844
1235037408
1234997110
1235027029
2000129599
1234978504
2000128409
1234982316
1235027271
1235014349
1235006214
1235039877
1234996065
2000132007
1235007524
1235003188
2000125035
1234985698
1235026671
2000132812
1235018677
2000126021
1234979165
1235007538
2000132841
1235002749
1235014717
2000130599
1234995967
2000131342
1235008109
1234985874
1235027981
1234986054
2000128382
2000122095
1234994506
2000133007
1235036221
1235025270
2000124883
1235016114
2000130543
2000120763
1235018010
1235034783
1234996898
1235009281
2000132038
1234987384
1234996229
1235003994
2000125008
2000123129
1235018267
1234977620
1235022645
1234995144
1235016834
1235014824
2000122674
1235007188
1234986868
1235040510
2000130564
1234980896
1235006106
1234973387
1235015725
1235001074
1235027245
1234992482
1235011186
1235007890
1234999717
1235008802
1235016800
1234974057
1235000714
1234988800
2000132380
1235004510
2000120231
1235000312
1235034523
1235019192
2000121482
1234979588
1235018564
1235023619
2000132040
1235027744
1235012911
1235019138
1235038277
1235027376
1234997770
1234973113
1234976069
1235002475
2000133948
2000120818
1235035216
2000125893
1235035062
1234984739
1235001833
1235038145
1235034648
2000119891
1235028839
2000131235
1235030546
2000132595
1234977428
1235031165
2000128752
1235027380
2000125799
1235039536
2000129519
1235008784
1235018349
1234974399
2000119999
1234986825
1235023785
2000127945
2000130577
2000129837
1234998890
1235025332
1235039955
1234995927
2000123655
2000128353
1234974464
1235014599
2000133302
1235025299
1235019599
1235014158
1234990919
1235028618
1234978452
1235028533
1234996517
1235031204
1235036271
1235003465
1235026734
1234978144
1235026135
1234988620
1235034278
1234978265
1235004575
1235009508
1235003173
2000124256
1235023053
1235003573
2000122694
1234999477
1235036956
1235015940
1235017725
1234989064
1235004328
1235035448
1235031019
2000126692
1235016235
1234981312
1235026102
2000128667
2000122099
1234994957
1235040007
1234979627
2000126040
2000127726
2000121103
1235032798
1234985663
2000121463
1235041661
2000124168
2000127805
2000129178
1235025092
1235021749
1235004482
1235000600
2000124661
1235000731
1235026255
1234973635
1235022263
1235019819
1234974678
1235037892
2000125222
1235026387
1235042638
2000128444
2000133148
1234979109
1235003475
2000128648
1235014285
2000131333
1235042182
1235015962
1235006196
1235014359
1235029076
1234997394
1235024247
1234971267
1235009620
1235015000
2000120185
1235025645
1235040754
2000129235
1234974910
1235018102
1234974138
2000120696
1235004462
1234985423
1234990662
2000121211
2000131160
1235035202
2000128430
1234991837
1235007683
1234980921
1234989521
2000121249
1234996125
1234997142
1234984937
2000123999
1234984113
1235041922
1235036807
1235024733
1234991368
1234982554
1234981778
1235003524
1235035412
1235014353
1235006505
1235024983
1235033258
1235003190
1235040609
1235019373
1235009119
1235010077
2000128050
1235011253
2000119823
1234975134
1234998892
2000128638
1234974741
1234992896
1234991759
2000126259
1235021758
2000127220
1234999499
1235030201
2000133011
2000132667
2000123590
1234971754
1234997232
1234990524
2000130935
2000123526
1234985943
1234997977
2000131897
1234979753
1235011898
1235014828
2000126708
1235043232
2000125605
1235004636
1235024931
1235029783
1234975984
1234974616
2000124650
2000132745
1234993263
1234971797
2000126539
1234995574
2000125283
1234994252
2000123071
1235009290
1234986465
1235007500
1234979059
2000123008
1235020862
1235040898
1235037620
2000119918
2000124058
1235013519
1235002609
1235013608
2000121648
2000132122
2000124739
1235026399
2000132379
1235018502
1234976806
1234991023
1234972356
1235003243
1235004382
1234979739
1235015375
1235033360
1234972000
1235028631
2000126074
1235025624
1234976041
1234972299
1235022046
1234997724
1235003687
1235002488
1235020008
1234989178
1235017339
1234999287
2000125103
1235016612
1234974800
1235032136
1234973649
1235018275
1235034626
1234979151
1235013691
1235040887
1235027358
1235015188
1235031054
1235006665
1235039947
1235027629
1235015376
1235012664
2000122967
1235038811
2000126813
1235023757
1234980700
1235009587
2000132452
1234988856
1235028030
1234976633
1235017398
1234991853
1235036214
1234986702
1235010774
1234975154
1235041772
2000127894
1234981305
1234990572
2000131884
1235023662
1235034851
1234972118
1234972129
1235012661
1235029077
2000133811
2000123592
2000120317
1235032605
1235023867
1234972353
1235019641
1234986520
1234991819
1235027297
1235032157
1234979844
1234991125
1235016985
2000120530
1234996577
1235037172
2000123716
2000125803
1234985219
2000121507
1235040634
2000132772
2000192270
2000132431
2000120566
1234974471
1234985489
2000125152
1235015002
1235013208
1235019005
1235033493
1234992050
2000122712
1234983719
1235012650
1234977681
2000120991
1235022870
1235008352
1234974112
1234987942
2000123785
1235016458
1235007831
1235042290
2000120819
1234998827
1235028170
1234994582
1235009322
1234992904
1234979907
1234993246
1235007732
1234986155
1235027023
1235021867
2000122299
2000121727
1235011005
1235007756
1234993477
1235006359
1235011874
1234996113
1235000109
1235034110
1235028780
1234991535
2000133091
1235027902
1235009705
1234996414
1234992478
1234987887
1234972404
1234974362
1234977383
1235029898
2000123648
2000124062
1235019199
1235008815
1234988528
1234994890
1234999418
1234973109
1235012049
2000125200
1235018028
1235019164
1235002632
2000125313
1234984455
1235000372
1235014681
2000120088
1235029080
1235007481
1235011649
1234988187
1234997821
2000132195
1234980895
2000129471
1234982242
1234971835
1234997804
1235019885
2000127024
1235017300
1235013529
1234990279
2000124822
1234989048
2000126651
1235010439
1235002705
1234976477
1235007247
1235006328
2000126051
2000123087
1234983665
1234994368
1234997323
1235037486
1235021422
1234973485
2000120747
1235023463
1235042662
1235029123
1234976385
1235022595
1235031987
1234990701
1234995699
1235042041
1235019672
1234998142
1235025223
1235018202
1235010461
2000120803
2000192257
1235015075
1235034814
1234986907
1234983577
1234993168
1235020370
2000124677
1234971994
1234983473
1235037443
1234984530
1234986235
1235003691
1235007173
1235032230
1234987627
1234980445
1235020316
2000125987
2000126909
1235025386
1234989038
1235002923
1235001866
1235010155
1235039668
1234999684
2000127254
1234977574
1234984136
1235037156
2000129872
1235014671
1234983557
2000120932
1235016685
1234978275
2000132527
1235007384
1234987025
1235014077
2000119665
2000120353
1235042238
1235024209
1235024920
1235041895
1235011729
1235034124
2000127744
2000126791
1234990328
1234996165
1235028908
1234992266
2000131128
2000131909
1234992885
1235028114
1235034846
1235028825
1234985484
1235017893
1234972687
1234980931
1235013545
1234975270
1235015829
1234988663
2000122047
1234997012
1235017683
1234990987
2000131929
1235013734
1235011330
1235030217
1234995019
1234975427
1234986423
2000133070
2000131122
1234989634
2000126304
1234979774
1234992524
2000129248
1234975397
1234973492
1235033847
2000126422
1234980955
2000129627
1235004049
1234991712
1235002726
1235001535
1235004299
2000120521
1234984457
1235016014
1234972449
1235004399
2000125237
1235016724
2000122577
1235022378
1235020741
1235026701
1235003149
1235024438
2000123866
2000131978
1234986131
2000122682
1234991727
1235004054
1235035984
1235018811
2000120436
1235001240
1235011379
1235011975
1235005489
2000124761
1235024200
1235001286
1235011370
1235000557
2000124540
1235013537
1234987173
1234980593
2000125525
1234999614
1234971543
1235026060
1235012761
1234998928
1234973651
1235036202
2000133426
2000124524
1235001265
1235013886
2000132653
1235001736
1235007879
1235029328
1235008843
1235021094
1235018565
1235026992
2000124805
2000122183
2000124287
1234987125
1234980863
2000122360
1234985409
1234979340
1235028026
1235015885
1235034153
2000120546
1234980602
1235025105
1234997864
1234982428
1235021612
1235024246
2000132360
1235017159
1234990394
1235023135
2000128683
1234989300
1235009541
1235024446
2000121392
1235025351
1235004026
1234993557
1235033414
1235042839
1234994282
2000128604
1235021871
1235005745
1234998363
1235020503
2000124030
1235017394
1234999632
2000119720
1234971594
1235032273
1235039714
2000121582
1235038003
1235019943
1234992173
1235014903
2000129572
1235007707
1235014069
1234993416
2000130208
1234981792
1235039794
2000129562
1234995886
1234974282
1234976295
1234992692
1235006662
1235024327
1235007775
1234994538
1234979169
2000132427
2000133085
1235038244
1235002313
1234997301
1234975165
1235004463
2000121515
1235032304
2000122525
2000132762
1235024822
1235025868
2000133466
1234976050
1235015221
1235014116
1234984746
2000124841
2000124651
2000119730
1235010269
2000120867
2000130283
1235021859
1234979732
1234986146
1235041624
1235016877
1234997003
1234991858
2000133238
1235004272
1235006109
2000132913
1234973753
2000129135
2000121151
1235028667
2000122274
1235001414
2000126777
1234971647
1235029351
1235012625
1235037158
1235010707
1234985891
1235037551
2000126880
1235006417
1235041359
1234975417
1235009403
1235039578
1235006868
1234990923
1235035343
1235008364
1235030917
1235008997
1234993407
1235000474
2000032302
1235042297
1235015553
1235011070
1234981388
2000130497
2000126748
2000131205
1235025854
2000119737
1234973179
1235032085
1234995232
1234992600
1235007788
2000132619
2000123620
1234995812
1235023868
1235032773
1235007068
1234990294
1235037874
1235018485
1234987228
1235029779
2000125475
1234985675
1234996363
1235030722
1235021776
1234993881
1235025893
1234972534
1235027228
1235012134
1234976138
1234997555
2000120868
1235033097
1234974605
1234985959
1234973370
1235006045
1234999086
1235020184
2000032308
1235036453
1235012078
2000130619
1234997419
1234971264
2000127821
1235025183
1235041713
1234991032
1235030513
1235000096
1234981225
1234981131
1234990823
1234984829
1234995715
1235018532
2000124402
1234998112
1235016394
1235037618
2000127271
1234985961
1234990575
1235007249
1234995068
1235019924
1235007205
2000131847
2000125866
2000125049
1234977268
1235009659
1234997874
1235029429
1235023615
1235011010
1234971822
1235001154
1234993807
1234987730
1235021881
1235029273
1234997083
1235019820
1235005659
1235013622
1235042739
1235022934
2000127927
2000120189
1235002713
1235024773
1235026668
1235004632
1235012570
1235013763
1235007457
2000131719
1235020420
1234997880
1235024753
1235030997
1235021965
1235030135
1235002820
1235028884
1234975388
2000128447
1234994670
1234994546
1234973701
1235025764
2000123800
1234971946
1234981086
1235013485
1235025099
1235028649
1235018571
2000120859
1235010640
1234989324
1234981142
1235026131
1234988124
1234985123
2000123609
1235001485
1234987176
2000127904
2000126105
1235022250
2000122647
1235030963
1235015460
1235026809
1235011291
1234990404
2000131169
1235023600
1235012997
1235007534
1235018870
2000124691
2000127816
2000129433
1235000782
1234971686
1234999417
1235011947
1234973618
1235007232
1235014134
1234974439
1234998069
1235042013
1235002931
1235029104
1235041040
1235004214
1234984789
1235036996
1235005744
1235023497
1234974810
1235000699
1234988739
1235001984
2000128431
1235026702
2000124337
1234997460
1234985561
2000130996
1235006221
1234997970
1235013953
1235041910
1234972452
1234978277
1235041104
1234988199
1234995857
1234976136
1235004053
1234975564
2000192113
1235003130
1234975518
1234981647
1234997922
1234984297
2000124645
1234998868
1235007263
2000119854
1235025121
1235037707
1234980885
1235008445
1235022939
2000122173
1234976924
1235003288
1235003706
1234999454
1234979353
1234987262
1235036333
2000126302
1234990456
1234977242
2000131906
1235001792
2000131125
2000127308
1234988775
1235041369
1234991637
1235001139
2000123959
1234986038
1234985064
1235014871
1235012562
1234974427
1235038116
1235028304
1235027301
1235012618
2000125877
1235038288
1235008635
1235032783
1234972553
2000122450
1234973577
1235010109
1234992284
1234975407
1234996646
2000130999
2000121649
1235001268
1234975775
1234989639
1235026242
1235013192
1235015619
1234975487
1234997271
1234973647
1235016430
1234974794
1234988163
1235001999
1235015424
1235030380
2000121150
1235042815
1235015901
1234983570
1234996252
1234976883
1235013223
1234992655
1234971021
1235030517
1235017898
1234986584
1234984590
2000119975
2000131632
1234987879
1234987020
1235040556
1235025259
1234971131
1235039671
2000133982
1235017061
1235018799
1234999905
1234995904
2000126351
2000124037
2000132322
1235013036
1235016256
1235021015
1234982420
2000120836
1235026597
1235004522
1235036735
1235016321
1235037201
1234998811
1234975204
1235043053
1235010060
1234991991
2000130674
2000128417
1235008074
1234996349
1234975532
1234998110
1234989084
1235027191
2000130272
1235027381
1234998991
1234982320
1235015162
1234978438
1234979606
2000126436
1234979583
1235007992
2000123135
2000121333
1235012464
1234981310
2000127921
2000122081
1235026339
1234997799
1234980633
1235019978
1234973103
1235013275
1234997678
1234981121
1235026501
2000133320
1234985967
1234993875
1235041402
1235014383
1234972440
1235003901
1235010114
1234978311
1234986073
1235006099
1235042862
1235017434
1235020486
1235005617
1234999074
1234991569
1234987713
1234971034
1234972655
1235033985
1235036623
1235042348
2000125338
1234976382
1235024464
2000119863
1234971928
1235011744
2000132752
1235001563
1235017290
1234989623
2000130211
1235041894
1234999577
1235032390
1234982473
2000122806
1235023058
1234997126
1235001830
2000126159
1235007869
1234998705
1235010357
1235025521
1235005700
1235008858
1235022299
1234994029
1234975548
1234997463
1234975643
1235027696
1235013285
1235010423
1235032530
1235015148
1234977403
1234980527
1235021131
1235039587
1235017734
2000129383
2000122923
1235007240
1235014621
1235018796
1235028101
2000126845
1235024624
1234985533
2000131562
1234990606
1234971216
1234998493
1235014194
1234971112
1234973155
1235020638
1234974583
2000121744
1235007429
1235007677
1235023163
1235030681
1235001248
2000119994
1235025182
1234981568
2000120913
1235039533
1235022626
1235003166
1234980234
2000125316
2000121711
1234974202
1234997348
1234974287
1235015173
1235025859
1235019259
1234973273
1235033494
1235021838
1235009451
1234998266
2000132858
1234973419
2000130822
1235010063
2000120632
1234983016
1234982332
1235034310
2000125611
1235008947
1234999034
1235031252
1234970937
1234997279
1234977621
2000130792
2000120660
1235037563
1234993825
2000120100
1234989380
2000131646
1235036284
2000127134
1235032124
2000132113
1235017979
1234988480
1234994548
1235004564
1235000943
1235013241
1235011574
1235010310
1234991685
1235029144
1235041249
1234987975
1235015122
1235020236
1235003221
1235002553
1235002773
1235004578
2000124896
1235003792
1235018906
1234997736
1235034818
1234977728
1234983421
1234976427
1234974820
1234981733
1235010253
2000124888
1234985251
1235042995
1234971485
1235013528
1235036629
1234971639
1235030941
1235003495
2000121177
1234984781
1235023599
1234986786
1235016434
1235041041
1235026595
1235010103
1234991381
1234995888
1235028589
1234991015
2000128355
1234976241
1234997148
1234983540
1234977461
2000130559
1235028194
2000130420
1234994868
2000133929
1235003980
1235034117
2000133851
1235034656
1235036998
2000121334
1234990749
1234985714
2000126425
1235029403
1235021248
1234991081
1235014600
1235001889
1235018385
2000128782
1235004518
1234995330
1235026960
2000122207
1235022007
2000123003
2000131052
1234972658
1235010094
1234982452
2000125878
2000130423
2000130405
2000120351
1235003499
1235001095
1234971108
1234985754
2000124190
1235036323
1235025166
1235008710
1234971710
1234991952
1234979808
1235025329
1235008029
2000127718
1235038025
1234972523
1235025742
1235043207
1235021554
1235042176
1235024896
1234971343
2000131469
1234971658
1234997165
1235033433
1235031955
2000132756
1235025296
1235036441
2000129166
2000129366
2000121586
1235027615
1235014848
1234986932
1235021597
2000127811
1235036666
2000120687
1235006945
1235015740
1235037615
1234979573
1234974397
2000120005
1235037540
2000120281
1235001197
2000134000
1235022546
1235006620
1235028182
1234976456
2000126145
2000133613
1234987993
1235004290
1234975875
1234978578
1234980429
1234994666
1235014692
1235018593
1235026829
2000128368
1235031312
1235019839
1235032558
2000121173
2000131223
1235003348
1235008015
1234979054
1235024992
1235018475
1235019667
1235020797
2000131159
1234972398
1234972615
1235039856
1235027172
1234980017
2000132817
1235019382
1235008578
1235035342
1235015531
1234983699
1234979212
1235021525
1235003370
1235042446
1234988583
1234989655
1235013683
1234984929
1235024886
1235043136
1234996649
1235020892
2000123088
1234982480
1234993142
1235033148
2000127266
1235011247
2000122878
2000122990
1235003446
1235027241
1234981582
1235012372
1235039669
1234978414
2000127707
1234978466
2000120907
1234998755
2000131918
1235013799
1235011909
1235028063
1235003701
1235031983
1234999611
1235014494
2000121540
1234984114
1235020500
1235022082
1234974056
1235009078
1234984790
1235012086
2000121329
1234977565
1234997397
1234977584
1235037042
1235006420
2000133138
1235010714
1234989414
1235041856
2000124512
1235017097
1235015786
1235012082
1234988904
2000123120
1235019167
1234994646
1235025581
1234971583
1235037219
1235021736
2000130428
1235000558
1234990896
1235006784
1235007044
1234987908
1235042296
1235011037
1234976864
1234975501
1234995687
2000121091
1235037603
1235008991
1235040824
1234987238
1235025322
2000128404
2000125566
1234991301
1234980880
1235018344
1235017406
1235006121
2000127691
1235014185
2000128662
1234995642
1235016446
1235029943
2000123025
2000132948
1234971328
1234991517
2000122608
1234980708
1234984289
1235011009
1234995905
2000131980
1235000967
1235008722
2000132042
1235021993
1234980676
1235020051
1235019715
1235010801
1234999120
1235030124
1235031101
1235037356
1235013072
1235026507
1235017150
1234983010
2000123007
2000119900
1234999380
1235032355
1235029419
1235032109
1235010065
1234988471
2000127267
1234988501
1235024331
1235034404
1235021521
1235041687
1234975338
1234989982
1234972408
1234980111
1235038075
2000133092
1234991214
1234973206
1235000895
1234991764
2000130255
1235002022
1235030093
1234986947
1235000069
1234997857
2000122852
2000130315
1235038761
1235009616
1235010190
2000131200
1234987285
1235009741
1234998942
1235022600
2000131729
1235009064
1234992177
1235024452
1235029538
1234994178
2000131265
1235006557
1234983634
1234995127
1235023591
1234977572
1235037351
2000124836
1235042709
2000127622
1234972287
2000122131
1234995934
1235030230
1235006070
1235000954
2000131201
1234986327
1235041131
2000132356
1235042538
2000123450
1235012515
2000125280
1235020566
1235025290
1235002238
1234997027
1234998296
1235024564
2000132608
1234985519
1235024710
1234982282
1234999528
1235001668
1234986436
1234996710
1235039790
2000130900
1235000842
1235001311
1234979319
1234976183
1235030889
1235027701
2000121746
1234983631
1235003441
2000130579
2000128150
1235022283
1235025115
1235025753
1235037111
1235018248
1234996408
2000126281
1234986388
1235007431
1235000119
1235017737
1235007347
1234973292
1235007079
1235031151
2000120236
1235024467
2000131520
1234998032
1234975899
2000126602
1234986257
1235034427
2000126778
1235026276
1235027949
1235015110
1234993742
2000126924
1235013249
1235015884
2000126192
2000125825
2000129720
1235041562
2000127833
2000126386
1234972048
1235017479
1234975773
1234989977
1235003485
1235003142
1234972168
1234986486
1234981400
1235009406
1235024713
2000127216
1235016599
1235000619
2000133143
2000132689
1235011687
2000126588
1234989190
2000130773
1235018327
1235038928
2000126575
1234995915
1235040868
1234997966
1235015534
1235041106
1235024398
1235003294
1235022356
1234992001
1235039985
1235002374
1234984663
1234975622
1235034610
1234995439
1234986254
2000129919
1235021395
2000125774
1235002648
1235016562
1235022149
1235024410
2000124422
1235012349
1234996186
1235015643
1234981415
1234978478
1235018159
1235043100
2000120323
2000128304
1234990967
1235019681
2000122088
1234998209
2000121973
1234990041
1235024457
1235003694
1234993076
1235020007
1235008500
1235000742
1234997675
1235003876
1235043008
1235029179
1234998294
1234980264
2000125318
1235040975
1234991317
1235028278
1234971324
1234976845
1234974757
1235031174
1235016918
1235017087
1235021975
1235025527
2000124137
1234984088
1235004345
1235005555
2000133046
1235019845
1234993799
1234994970
1234972226
1234986910
1235028783
1235021429
1234984036
1235018893
1234994220
1234993448
1234983516
2000125320
2000123793
1235027555
1235013169
1234994284
2000124113
1234986433
1235016669
1235026347
1234997005
1235016172
1234995506
1235023952
1234977544
1235018286
1235020580
1235025364
1235027795
1235002090
1235027827
1234991554
2000122348
1235027258
1234972339
2000123507
1234989599
1235006834
1234991766
1234991328
1235039962
1235013743
1234986661
2000128635
1235019483
2000128357
1235030498
1234983637
2000120068
1235007329
1235027180
2000125819
2000127583
2000128778
1235019997
1235035252
1235020392
1235002243
1235024483
1235027246
1235004136
1235025777
1234998178
1235036995
1235037401
1235042703
1235032027
1234977470
1235010025
2000121680
1235018228
1234990905
1235041357
2000129402
2000129133
1234986371
1234983434
1235012907
1235038940
1234986926
1235021907
1235004649
1234995982
1235016998
1235039651
1235010137
1235004373
2000129600
1235026377
1235002462
1234990314
1235002007
1235036801
1234993965
1234994190
1235000475
1234994665
2000130459
1235040859
2000122954
1235007741
1235010511
1235021374
1234997882
1235001299
2000123639
1235035166
1235000631
1234976202
2000127250
1234991350
2000132144
1234988543
1235036815
1234990888
1234975669
1235018857
2000130868
1235042896
1234991985
2000129874
2000131457
1235013946
1235024299
1235027460
1234986543
2000127123
1234999404
1234976305
1235023824
1235005516
1235029440
1235024147
1234984760
2000125518
1235037262
2000121408
1235015773
1234993084
2000132902
2000120339
1235019882
1234977457
1235012974
2000127082
1235040571
1235018488
1235039889
1235015861
1235024910
1235029850
1234972351
2000032248
1235012943
1235013746
1234988811
1234993089
1235038121
1235041534
1235018813
1234995752
1235020498
2000130287
1235015102
1235032563
1235006494
1234991808
1234978262
1235010680
1234994922
1235040011
1235026812
1235020804
1235020489
1234975034
1235026041
1234983709
1235015659
1234989257
1234984355
1234998100
1235042835
1235042689
1234995554
1235040517
1235042608
2000124716
1235017998
1235034617
1234993796
1235034259
1235000321
1235023113
1235031219
1235031264
1235003972
1234975050
1235001496
1235006816
1234996231
1235016203
1234971762
1235012731
1234991708
1235030160
1235009996
1235030773
2000192174
1234987274
1234987245
1234999935
1234998903
1235025095
1235042747
1235042624
1234996918
2000132545
1234994337
1234974893
1235040834
2000123626
1235009575
1235015736
1235041376
1234971501
1234998822
1235025979
1235017368
1235005633
1235042777
1235000445
1234975776
1235003382
1234993218
1234987328
1234997201
1235003261
1235019168
2000131565
1234974682
1234985527
1235039680
1234992303
1235001537
1234995004
1235008011
1235004505
1235013786
1234991293
1235028342
1234991455
1235027465
2000124551
1235000400
1235026067
1234980394
1234992074
1234973826
1235041715
1235010702
1235009967
1235035846
1235008792
1234999183
1235035190
2000121604
1234995968
1234971698
2000133278
1235042174
1235010389
1234987016
1234993847
1235026751
1234977500
1235014082
1235011231
1234994401
1235026822
1235017769
1235022527
1234976577
1234978256
1234974274
1235001804
1235036504
1235009516
1235015912
2000121864
1235017966
1235001399
1235021188
2000126402
1235017038
1235021969
1234988286
1235042267
2000126720
1234999932
2000123844
1235026788
2000130759
1235043250
1235025359
2000131863
1235030103
1235035248
1235022601
1235021836
2000132678
1235033183
1235025394
1234992223
2000125485
1235027697
1235008340
2000127706
1235039698
2000123002
1234990039
1235010366
1234981764
2000120812
1235039987
1235003772
1235017005
2000124231
2000122279
1234991280
1234977710
1235016958
1235030025
2000126572
1234996551
1234987870
1235019266
1235021357
1234995557
1235031075
1235039797
1234995731
1235003961
1234972127
1234979889
2000122995
1235021113
1235031216
1235002889
1235029106
1234980632
1235020180
1235018883
1235020060
1235029026
1234998938
1235039465
1235004600
1234988158
1234974604
1235006355
1235019024
1235012642
2000126209
1235003884
1234973518
1234973452
1234985898
1234986654
1235002286
1234976868
2000124843
1235035203
2000129444
1234994138
1235002955
1234996933
1234999846
1235011299
1235024118
2000130967
1234976014
1235015350
1234971969
1234998899
1235035862
2000128783
1235028015
1235024872
1235038193
2000123256
1235002332
1235034538
1234999383
1235018454
1234996447
1234981412
1234992227
1234984843
1234981230
1235040665
1234994333
1235020186
1234983651
1234991260
1235037359
2000126712
1235011296
1235025908
1234984427
1234988306
1235031191
1235026963
1235015438
1235002822
2000130000
1235040757
1235041317
1235035714
1235020785
1235028497
1235035931
1235009502
1235024032
1235001918
1234990816
1235018745
2000124929
1234994098
2000125185
1235006419
1235006658
1235010048
1235041463
1234992406
1235042985
1235037462
2000127188
1234980253
2000121600
1235002739
1234979696
1235032961
2000125398
1234977236
1234975525
2000124146
2000120502
1235017105
1235004485
1234996358
1235033264
1235007580
1235018166
1235006639
1235011892
1235016208
1235024374
1235008416
2000122354
1235015044
1235032794
1235037907
1235026275
1234975052
1235017070
1234985451
1234979800
2000129261
1235010039
1234973287
1234983503
1235028109
1235030163
1235009511
1235016602
1234988442
2000133760
1234976499
1234986570
1234987978
1235036902
1234982445
1235009452
1235023982
1234992660
2000128346
1234971281
1235042019
1235020089
1234973847
1234996459
2000126936
1235031874
1235032574
1235022217
1235012080
1234988682
1234987961
1234974992
1235027757
1235003562
1234981584
2000131002
2000127066
1235013158
2000123183
1235042131
1235018637
2000125073
2000122989
1234985764
1234982552
1235040841
2000122225
1235043183
1235018647
1234984606
1234978356
1235008707
1234993282
1234997212
1235007628
1234978483
1234999482
1234996383
2000132316
1235033149
2000131842
1234975505
2000124968
2000129510
1235042957
1235014790
1235037239
1234999602
1234981710
1235008519
1234997722
2000129924
1235000754
1234996671
2000126639
1235035544
2000125196
1234987015
1234985179
1234971313
1234997669
2000120647
1235003697
1235041949
1235033489
1235021802
1235000923
1235041980
1234996261
1235016674
1234983629
1234989268
1234993151
1234990698
1234998128
1234988127
1235028303
1234973223
1235022885
1235016469
1235020962
1234992426
1235021309
1235043332
1234976019
1235013773
1235006463
1235003601
2000122570
1235018386
1235000750
2000192041
1234995653
1235023152
1235037012
1234981680
2000121008
1235010037
1235034468
1235007252
2000120096
1235037398
1234991016
1235004115
2000122167
1235043081
1235025137
1234987899
1235020550
1235031179
1234978443
1235024792
1234981813
1235020011
1234985062
1234994417
1234984879
1235010904
1235022062
1235024578
1235042612
1234995087
1234993694
1234976349
1235041581
1235002320
1234980462
2000130757
1235019088
1234995799
1235025910
1234978561
1235013096
1234992781
1235025010
1234986490
1235032676
1235010800
1235007425
1235026065
1234991133
2000127619
1235026843
1235034378
1234971294
1235030650
1234984708
1235023841
1235036655
1235001865
1235036898
1234987318
1235041340
1235038453
1234985861
1235034009
2000123081
1234998456
1234998137
2000122819
1235004371
2000123083
1234979271
1235025949
1235013762
2000129854
1234995320
1235043027
1234973143
1235016554
2000131900
1234977241
1235003950
2000129665
1235019279
2000131822
1235001707
1234992192
1234971029
1234996650
2000124506
1235025349
2000119973
1234993162
2000122678
1235042140
1234977830
1235041841
1235031876
1235019366
2000122126
1235031046
1234977658
1234991629
1234979322
1234992618
1234991074
1235005594
1235026988
1235020986
1234981012
2000120620
1234989157
1234988936
1235028196
2000032305
1234990984
1234988168
1235006455
2000132349
1234980376
1234975870
1234984608
1235020828
2000132447
1235032305
1234974784
2000124917
1235023650
1235019707
1235015775
1235040905
1235018685
2000126975
2000122049
1235016423
1234990448
1234993277
1235012809
1235020250
2000124405
1235019474
1235021618
1234976909
2000128687
1235037145
1235036335
1234981746
2000121731
1235032020
1234985149
2000126524
2000133306
1234989262
2000125500
2000131858
2000132985
1235033075
1235001996
1235025985
1234995060
1235040982
1234981170
2000192266
1234971719
1234981814
1235025939
1234986227
1234997634
1235030796
2000124826
1235024815
1234980772
2000123535
1234974182
1235025835
1235025370
1235025157
1235006092
2000128291
1234978433
1235027222
1235038265
1235028513
1235014147
1235018972
1234989457
1234986026
1234981268
1234988258
1234984141
1234995923
1235023203
1235040611
1235024350
2000123011
1234983706
1235018916
1235040625
1234974544
1234974864
1235027828
1235034189
1235038266
2000121162
1234973696
1235001694
1234977384
2000121545
1234989304
2000125888
1234979690
1235000986
1234990870
1235006608
1234992095
1234999746
1234977818
1235039974
1234996177
1235008442
2000132682
2000132276
1234980882
1235038783
1234998096
1235006755
1235008716
1234980438
1235036291
1234972695
1235036620
1235029480
1235032260
1235009619
1235032090
1235008092
1235025100
1234973690
2000128089
2000121988
1235018932
2000121484
1235034337
1234976274
1234999871
2000192170
1234985732
1235015790
1235030969
1235004646
1234991678
1234997056
1235026622
1234984852
1234990635
1235032554
1234980749
1234975919
2000130521
1235004297
1235028693
1235024481
1235034169
1235042053
1235042459
1234972327
1235015196
1234999235
2000128063
1235009108
1234978278
1235023609
2000132344
1234997582
1235037744
1234970944
1234992726
1235042681
1235033513
1234986774
1234997055
1234971804
1234974103
2000133501
1234983499
1234979978
1235042880
1235017885
1234992813
1235019974
1235013934
1235042971
1234992479
1235018040
1235042101
1235037117
2000122462
2000125264
1234975130
1234993123
1235022280
1235012540
1235005575
1235002055
1235006392
2000133366
1234998024
1235005478
1235006967
1234988806
1235043289
2000129691
2000123161
2000126500
1234997907
1234981111
2000128733
1235013768
1234976966
2000129561
1234973852
1235018438
1234991996
1235028956
1234986432
1235010787
1235035298
1234977455
1235000525
1234987210
1234997096
1234973218
1235000338
2000127309
1235013864
1235012007
1234975778
1234974433
1234998889
1235015540
1235011263
1235043166
1235040622
2000132760
2000133043
1234987008
1235000936
1235001259
1234972526
2000129990
1235013042
1235034933
2000129873
2000131049
1235020786
1234988461
1234975400
1234973656
1235023607
2000122976
1235011745
1235015373
1234992292
1235030933
1235002114
1235024521
1235009669
1235018968
1235024100
1234991993
1234985171
1234988510
1235020525
1234995410
1235011337
1235015206
1234972548
1235031108
1235019019
1234979267
2000129796
1234993932
1235019292
1234994367
1235038385
1235031119
1235026638
2000124749
1235020103
2000192323
1235026196
1235020029
1235007622
1234992128
1234979160
1234978351
1235026959
2000119982
1235026816
1235025225
1235026962
2000129322
1235017115
1234999718
1235042718
1235010038
1235000935
1235030740
1235007514
2000125111
1235014550
1234971105
2000127678
2000130828
2000126023
1234984817
1234986148
1234997382
1235026725
1235021366
1235035143
1234993757
2000123966
1234994500
1235006340
1234971122
1234997067
1234997837
1235021198
2000032311
1234981056
2000127750
1235037169
1234993425
1235035296
1234984303
1235009008
2000130847
1235008951
1234986401
1235030780
1234978136
1235037342
