1234847984
1235202892
1235187558
1234770404
1234930784
1235317445
1235317968
1235202717
1234859598
1235317479
2000181189
1235196987
1234835351
1234859592
1235317842
1234835374
1235317481
1234931744
1234859606
1234930115
1235317468
1234723826
1235077557
1234854003
1235256724
1234842353
1234770428
1235317366
1235242037
1234931172
1235165097
1234929162
1234853789
1235242063
1234859630
1234770400
1235187519
1235200120
1234854655
1235317843
1235317756
1234854635
1235250778
1234930339
1234723741
1235176420
1234933793
1234927656
1235250752
2000201504
1234847983
1234723677
1234835344
1235187522
1234929103
1234770415
1235187096
1234930014
1234844689
1235256857
2000032608
1234854176
1234723628
1235318307
1235317680
1235200279
1234854385
1235318725
1235200282
1235176458
1234930781
1234847982
1235257000
1235317330
1234848292
2000025239
1235317270
1235317713
1235202609
1234930771
1234770421
1234926746
1235076087
1235317655
1235256986
2000118536
1235317354
1235318481
2000201499
1235318459
1235187092
1235318052
1235317923
2000032610
1235317865
1234842837
1235317320
1235202835
1234928234
1235203390
