1234973101
1235003796
2000129587
1235005722
1234978189
1235003430
2000121517
1235039851
1235020269
1234979037
2000129514
1235011182
1234981339
1235009301
1234994307
2000123759
1235015475
1235034767
1235024759
1235024327
1235034212
1235019176
2000123793
1235038526
1234997709
1234994014
1235007157
2000121103
2000120968
1235011178
1234975117
1234973878
1234979419
2000133520
1235031132
1235009745
1235014604
1234974573
1235040991
2000132518
1235041736
1235030724
1235025632
1235025486
1235022489
2000127841
1234977714
1235026793
1234998764
1235029393
1234997295
1235028679
1235014538
1235007694
1235011289
1235029521
1234982236
1235034311
1235010798
1234998698
1234984876
2000130230
1234995303
1234980135
1235026533
1235042159
1235042334
1234977712
1234985630
2000127301
2000133842
2000130532
1235011602
2000130988
2000123130
1235008947
1235042110
1235026782
2000129462
2000123261
2000120477
1235033087
1234974605
1234999702
2000125318
1235041383
1234989976
1235025712
2000126316
1234992966
1235013855
1235042583
1235003799
1235024990
1235017108
1235014192
2000124558
1234999582
1235010372
1235028984
1234972614
1235001823
2000129858
1234976312
2000122824
1235040511
1234973845
1234975210
2000122943
2000124068
2000123552
2000122120
1235015722
1235007320
1234997278
1235042782
1234977832
1235030123
1235026702
1234977275
2000192309
1234987213
2000128318
1234981376
1234979962
1235041637
1234988647
1235019229
1235012025
1234983708
1235030706
1235034376
1234983624
1235006587
2000129088
1234974324
1234987293
2000120931
2000128353
2000192315
2000125399
1234986242
1235009309
1235003373
1234989089
2000032333
1235031245
1234985892
1235011669
2000126403
1235006136
1234986072
1235007772
1234999484
1234984964
2000130946
1234974060
1235018635
1234996127
1234991712
1234972039
1234995096
2000132937
2000121610
1235014766
1234993112
2000122610
1235021383
1235043077
1234997838
2000126440
1235040677
1235024844
2000132562
1235005541
1234997913
1234983474
1235024814
1235017069
1235015038
1235027737
2000128040
2000123158
1234991093
2000127604
1235021133
1235001412
1234979699
1234976777
1234993159
1234982283
1235023117
1234980355
1235028569
1234973186
1234998798
1235029289
1235003463
1234988160
1235002689
2000126840
1235001084
1235021407
1234982322
2000125091
2000128672
1234980451
1234998260
1234999427
2000120152
1235009575
1234985592
1234986526
1234990629
1235002803
2000129125
1235015244
1235026061
1234975283
1234992632
1235027016
1235010643
1234974030
1234980588
1235024730
2000130996
1235022396
1234980536
1235022435
1235022619
1234994222
1234977392
1235006127
2000127925
1235022685
1234996909
1234972112
1235014178
1234986169
1235020710
1235025507
1234996530
2000128220
1235006314
1234986266
2000124572
1235042576
1235020531
1235017392
2000192178
1234986692
1235030629
1234997655
1234992124
1234980341
1234995813
1235033393
1235030233
1234984100
1234992209
1235029861
1235004590
1235022307
1234973452
2000120681
1234987217
1235006391
1235010609
1235033633
1235000602
2000133039
1235010752
1235008782
1235027347
1235018623
1234999692
1235016949
1234972595
1234979381
1234981168
1235019024
1234999745
1234999916
1234978227
2000120260
1235025616
2000128017
2000125701
1235021259
2000124758
2000131746
1235035056
1234994504
1235001521
1235003660
1235009649
1235012688
1234990327
1234997744
1235015432
1234977460
2000124747
1234997819
1235028957
1235012571
1235013229
1234991044
1235013948
2000129320
1235001561
1235030620
1234979307
1234996321
1234986151
1235003491
1235009967
1234997818
1234999330
2000133354
1235021913
1235012153
1235035727
2000125257
2000125916
2000129269
2000121779
1235001241
1234998171
1234980031
1234989042
1235042759
1235034107
1235033417
1234986018
2000123406
1235037851
1234976890
1235017014
1235037857
2000133696
1234988545
1234983690
2000131467
1234973986
1234994184
1235000740
1235012862
1235013946
1235039701
2000126903
1234995275
1235038116
1235030819
1234998957
1235027331
1235028496
1235007098
2000121551
1234988020
1234985753
1235023913
1235017300
2000123225
1235005686
1234992146
1235017518
1234989255
2000121670
2000123200
2000129710
2000122954
1234995079
1234991805
1234985669
1234973697
1234989399
2000124359
1235019376
1235010141
1235023629
1234992456
1234984926
1234983445
1235008281
1234974197
1234984607
1234975438
1234977004
1235034448
1235008582
1235041958
1234999922
2000122032
1235029532
1235020104
1235042776
1235039503
1235017041
1234993831
1235004183
1235016024
1234977684
1235012149
1235010309
1234999133
1234980438
1235030764
2000126655
1235037208
1234989557
1234995141
2000128058
1235010235
1234986224
1235002555
1235032891
1234981200
1235013071
1234990001
1235008018
1235021108
1235007002
2000120120
1234981086
1235011742
2000132657
1235017144
1235033420
1235032532
1235023159
2000130729
1235027939
1235020955
1235011621
2000124358
1235002393
1235022610
1235029284
1235018831
1235023665
1235013680
1234971583
1235007188
1235034410
2000126375
1234980512
1234976462
1234998037
1235041916
1234974771
1234976429
2000123246
2000132808
2000124453
1234977421
1235025344
2000120814
1235011293
2000123906
1235034124
1234980827
1235021843
2000123636
1235019598
2000132744
1235036928
1235019262
2000120105
1234976787
1235028137
2000131203
1235038378
2000128452
1234996884
1235019460
2000125592
1235009489
1234999899
1234984582
1235036040
1235030213
1235023830
1235000920
1235042496
2000127273
1235014180
2000122585
2000133362
2000124672
1235019750
1235021924
1234979117
2000123093
1234983756
1235019041
1234990292
2000123132
1235038404
2000127045
2000124866
1234992521
1235009488
1235014781
1235043144
1234971042
2000120336
2000125002
2000121208
1235033107
1235043107
1234997191
2000129243
1235029771
1235037787
1234993467
1235033354
1235016140
1235007940
1235031055
1234980328
1235029513
1235006467
1235012342
1235032137
1235035569
1235013720
2000128405
2000131744
2000119656
1235021123
1235004458
2000121715
1234990351
1235022710
1234971803
2000123676
1235019815
1234991905
1235030765
1235036869
1234972056
1235018401
2000133076
1235035709
1235037599
1235014472
1234995010
1235037198
1235000127
1234980679
1234986143
2000192072
1234973369
2000123994
1234997740
1235037825
1234990761
1234971572
1235005538
2000123963
1234978543
1235036344
1234991381
1235010581
1234998165
1235016770
1235020540
1235001138
1234994876
1235029183
2000126671
1234993051
1234977899
1234989062
1235007175
2000129786
1234990319
1235035448
1234995278
1234982332
1234999286
1234980876
1235003281
1234997778
1235015631
1235042020
1234971509
1235020649
2000131860
1234974032
1234996905
2000132653
1234991615
1234983483
1234990395
1234978140
1234994011
2000133628
1235021766
2000133955
1235038307
1235031253
2000128027
1235014697
1235004517
1235015663
1235022524
1235022608
1234971594
1234995611
1235018127
1235003202
1234983015
1235017340
1235011113
1235018489
1235010631
1235028161
2000127637
1234974115
1234977566
1235018649
1235026152
2000123722
1235007573
1234983706
1234976888
1234973778
1234984951
1235017411
2000122088
1234985915
2000133401
2000127268
1234990357
1235012543
1234976168
1234972524
1234995466
1234976710
2000132993
2000133489
1234981391
1235031882
2000126756
2000121630
1234971384
1235036969
2000125292
1234977598
1234972431
1234980236
2000121583
1235041530
1234982106
1235038710
1235009554
1235004314
1234994254
1235005702
1234978436
1235003822
2000125111
1234983753
2000125957
2000125693
1235019263
1235020770
1235041299
1235009441
1234982303
1234991255
2000130697
1234999682
1234977636
2000119758
1234995652
1234986121
1235038353
1234990331
1235024932
1234981335
2000122312
1234977608
1234980182
1234993990
1234990721
2000126976
1235032361
1234989581
1234973379
1234973446
1234981555
1235007476
2000125252
2000127998
2000120934
1234986849
1235015142
1235001756
1234993834
1234989394
1235014835
1234980405
1235011717
1235029155
1235006098
1235000778
2000119987
1235012167
2000131580
1234991005
1234997900
2000127291
1235036226
1234980304
1235008419
2000127881
1234984836
2000125017
1234981135
1234999795
2000120002
1234985893
1234981118
1234979731
1235026912
1235018160
1235017400
1234997871
1234979584
2000120367
1235019472
2000124679
1234980617
1234973339
1235027769
1234993717
2000123578
1235028689
1235010151
1235023076
1235018619
1235037316
2000126181
1234986721
1234999296
1235017462
1235013616
1235012952
1234994379
2000119789
2000128364
1234999422
1235005770
1235008312
1235014693
2000122302
1235003391
1234992488
1235006342
1235036771
1234988994
1235018533
2000130461
2000130063
1235037567
1235008795
1234991321
1235001245
1234980400
1235014785
1235033537
1235028005
1235002090
1235023097
1234988834
1234986130
1234999867
1235022130
1234980343
1235016224
1234978555
1235010161
1235014003
1234995087
1235024723
1234980377
1234988943
2000123813
1235018724
1234997272
1235006408
1235038589
1234999584
1235028640
1235020709
1234993746
1234979195
1234975719
1234991814
2000131963
1235026543
2000129377
2000121796
1234974611
1235033447
1235003963
1235017769
1234989485
1234980531
1235019743
2000121905
1234995687
1234991473
1235018808
1234986839
1234988527
1235028682
1234982102
1234972532
1235042958
1235024633
1234990854
1235020560
1235029160
1234995458
2000129524
2000126508
1235014585
1235003146
2000130125
2000124889
2000121432
1235042964
1235020067
2000129115
1235024090
1234992913
2000124635
1235037907
1235020428
1235020127
1235042242
1234971159
2000124713
1235020499
1234990035
2000128118
1234989487
2000123169
1234996049
1234979040
1235015292
1234989070
1235023532
1235027758
2000121514
1235017135
1235021447
1234990819
1235023930
1234990065
1235023079
1234997813
1235005481
2000132143
1234986024
1235006374
1234976639
1235030786
1235020596
1235011236
1235021969
1235020511
2000126128
1234974166
1234975101
1234994921
1235032153
2000122362
1234985206
1235010657
1234995806
2000129460
1235018810
1235022381
1234993441
1235023859
2000133444
2000121356
1234985703
1234995339
1235025748
1234976973
1234994546
1234996499
1235013215
2000128587
1234981708
1235027996
2000126002
1234981237
2000126885
1234981772
1234995617
1234999450
1234988268
1235018079
1235037498
1235022997
1235014470
1234999113
2000120071
1235007613
1235042606
2000128433
2000125288
1235016982
1235032529
1234992779
1235021811
1235022833
1234985650
1235023801
1234971697
1235040862
1235008586
1235006954
1234991553
1234988871
1235015063
1234977546
2000130975
2000130555
1234992413
2000032346
1235025315
1235029851
1234973664
1235018098
2000128288
1234999206
1234989012
1235002343
2000123557
1234978260
1235034806
1235028037
1234988900
1235012311
1234999811
2000131558
1234991687
1235027286
2000123096
1234973195
2000129856
1235006485
1235021172
1235001878
1235007439
1235020469
2000131692
1235029928
2000125952
1235006367
1235041528
1235007480
1234980108
2000132806
2000129640
1235010031
1234972660
1234999078
2000129719
1234991668
1234997290
1235019436
1235020588
1235002685
1234980591
1235013277
2000127746
1235010402
1234980935
1235008879
1234977654
1235036327
1234974466
1235023984
1235026801
1234982330
1234973051
1235042883
2000119836
1235022351
1234992815
1235040837
1234983638
