1234568669
1234589493
1234586593
1234568583
1234597529
1234592197
1234582999
1234604215
1234593927
1234574164
1234581752
1234601204
1234593046
1234582308
1234584254
1234578663
1234569747
1234576574
1234582082
1234568218
1234605963
1234588133
1234589372
1234582769
1234586285
1234582445
1234583245
1234579645
1234603092
1234589476
1234573864
1234606180
1234576476
1234600062
1234595101
1234588369
1234595630
1234578479
1234599608
1234601380
1234592154
1234599198
1234575146
1234574796
1234574951
1234595195
1234575682
1234597942
1234602891
1234600223
1234589882
1234605645
1234606290
1234578326
1234574451
1234577828
1234582500
1234586583
1234574940
1234582894
1234580722
1234592123
1234587570
2000155685
1234601315
1234569328
1234579443
1234602346
1234593900
1234570450
1234598549
1234585382
1234575303
1234569069
1234599609
1234576977
1234593253
1234586550
1234577554
1234570770
1234576928
1234584260
1234591418
1234590517
2000167169
1234605930
1234585480
1234569363
1234601970
1234593486
1234592208
1234605597
1234589555
1234572505
1234604318
1234571168
1234605341
1234601093
2000118727
1234592132
1234593409
1234605590
1234584942
1234591384
1234576459
1234575380
2000167448
1234602615
1234573315
1234569927
1234592231
1234600235
1234589378
1234584602
1234579561
1234602401
1234582324
1234597417
1234587336
1234591851
1234585551
1234592222
1234580360
1234575321
1234581007
1234598305
1234568920
1234594487
1234569748
1234572655
1234580588
1234574127
1234588046
1234574087
1234600667
1234595356
1234580599
1234599755
1234602188
1234574812
1234600728
1234599653
1234605131
1234599820
1234599402
1234568977
1234582893
1234583210
1234596478
1234600899
1234598578
1234578316
1234602806
1234595590
1234583249
1234587344
1234574091
1234589333
1234606175
1234592972
1234587165
1234594799
1234582961
1234590411
1234571634
1234601241
1234589110
1234588810
1234593819
1234597761
1234594636
1234570432
1234569380
1234601280
1234598140
1234583761
1234586545
1234581692
1234584038
1234581657
1234596473
1234581208
1234579101
1234603167
1234585339
1234582868
1234570774
2000166957
1234605559
1234602829
1234568662
1234585927
1234572936
1234605981
2000118103
1234595761
1234599493
1234573778
1234593114
1234602677
1234593234
1234582590
1234596002
1234597664
1234597288
1234591050
1234596294
1234568569
1234592354
1234603879
1234605219
1234593411
1234597291
1234596457
1234584145
1234584569
1234591860
1234594953
1234579086
1234585894
1234595112
1234584712
1234580579
1234587333
1234603165
1234570491
1234584161
1234570226
1234604910
1234582235
1234574460
1234580717
1234576698
1234572088
2000143857
1234583142
1234570285
1234575615
1234572514
1234585980
1234592280
1234593808
1234599163
2000114951
1234574873
1234588823
2000166718
1234571887
1234581734
1234586118
1234589100
1234581123
1234594878
1234577979
1234593107
1234603392
1234597183
1234569336
1234577728
1234594112
1234592764
1234576806
1234578021
1234602113
1234589389
1234570577
1234583927
1234592289
1234598541
1234578260
1234587453
1234571209
1234580696
1234573641
1234571870
1234585956
1234600266
1234593390
1234590805
1234578307
1234568611
1234586651
1234591539
1234573661
1234604348
1234594295
1234569192
2000134628
1234606156
1234581870
1234588791
1234568316
1234579547
1234581824
1234586685
1234600085
1234581419
1234593786
1234578127
1234587688
1234571093
1234586110
1234578979
1234594871
1234584861
1234602199
1234593995
1234576536
1234589564
1234597980
1234587091
1234586028
1234603184
1234574271
1234584396
1234601096
1234603255
1234571884
1234575589
1234590807
1234572693
1234599526
1234584821
1234585865
1234572726
1234587164
1234575543
1234601585
1234583796
1234595740
1234574745
1234580440
1234605927
1234587711
1234594200
1234575418
1234569433
1234590443
1234587612
1234577715
1234602857
1234579584
1234581103
1234587772
1234601679
1234605247
1234599712
1234570497
1234600281
1234585806
1234586609
1234588382
1234572456
1234568323
1234605660
1234593781
1234604429
1234605934
1234600924
2000165745
1234570658
1234595657
1234586177
1234600113
1234585185
1234606032
1234599097
1234579257
1234584678
1234590387
1234602508
1234578223
1234605423
1234579410
1234597269
1234601708
1234588147
1234603727
1234595198
1234592729
1234577415
1234592261
1234600617
1234584832
1234586210
1234578695
1234595685
1234583641
1234577635
1234575422
1234574952
1234599070
1234601276
1234572139
1234569398
2000107780
1234603068
1234598999
1234569436
1234592011
1234576670
1234581679
1234585484
2000152761
1234602637
1234576729
1234600423
1234574281
1234603344
1234595711
1234598639
1234603567
1234581690
1234605314
1234577194
1234594202
2000189478
1234568391
1234568705
2000165606
1234599592
1234575764
1234589344
1234599150
1234586843
1234606307
1234589129
1234594143
2000207934
1234600036
1234571604
1234576365
1234581508
1234576043
1234572266
1234594867
1234598863
1234583321
1234587526
1234589986
1234585842
1234574180
1234572561
1234574671
1234586801
1234583069
1234584204
1234603929
1234595579
1234578445
1234573567
1234568727
1234593298
1234584790
1234587683
1234585883
1234590724
1234569362
1234589427
1234597709
1234599972
1234586907
1234569593
1234595028
1234586085
1234580941
1234579761
1234583150
1234594465
1234585616
1234576972
1234570396
2000167134
1234580587
1234594581
2000167569
1234602240
1234568263
1234593323
2000109873
1234570660
1234579365
1234587092
1234602101
1234574119
1234604024
1234586655
1234603631
1234590570
1234573629
1234584158
1234605985
1234569574
1234605248
1234578481
1234592239
1234585969
1234590990
1234570803
1234596017
1234579416
1234600608
1234580938
1234595599
1234603379
1234602667
2000134514
1234596402
1234584653
1234568626
1234568828
1234579434
1234584099
1234573914
1234574915
1234569757
1234576343
1234577044
1234582728
1234602106
1234569625
1234589909
1234598923
1234580710
1234592028
1234583614
1234598058
1234583158
1234583964
1234598796
1234574153
1234588016
1234595937
1234572199
1234590557
1234587894
1234588847
1234591118
1234578894
1234599599
1234588066
1234588242
1234605034
1234599278
1234598682
1234595211
1234598310
1234587808
1234588060
1234601189
1234586699
1234579837
1234592021
2000113554
1234571780
1234579399
1234573938
1234592595
1234569797
1234581769
1234568591
2000186617
1234601160
1234606268
1234580942
1234571189
1234568427
1234600855
1234602111
1234594517
1234586606
1234593661
1234587853
1234595500
2000134669
1234599401
1234604080
1234595641
1234590895
1234584794
1234604770
1234591030
2000178990
1234577054
1234590890
1234582951
1234572748
1234574135
1234572453
1234600111
1234586244
1234588558
1234578372
1234602987
1234591815
1234575563
1234578652
1234572095
1234579423
1234574329
1234571248
1234568839
2000166796
1234602096
1234592806
1234588557
1234572983
1234579558
1234603376
1234593400
1234587045
1234586804
1234593082
1234586075
1234604824
1234595566
1234595027
1234600435
1234602740
1234571250
1234580980
1234600016
1234587170
1234575342
1234588367
1234589313
1234578861
1234594147
1234597545
1234581239
1234584207
1234570103
1234600408
1234586849
2000167158
1234595037
1234592887
1234598251
1234595526
1234578949
1234604425
1234570687
1234585330
2000118107
1234582511
1234586872
1234573490
1234596030
1234602485
1234576861
1234569028
1234588710
1234585175
1234578683
1234581272
1234578132
1234591521
1234596056
1234579875
1234597402
1234578313
1234572079
1234574014
2000166722
1234586919
1234577847
1234577437
1234603300
1234577655
1234601994
1234590585
1234579075
2000167051
1234577702
1234601702
1234583668
1234590463
1234572022
1234574196
1234594900
1234580817
1234600052
1234585951
1234604967
1234596456
1234582960
1234589874
1234602620
1234589646
1234582088
1234570488
2000167161
1234574140
1234571328
1234601714
1234597983
1234573923
1234577459
1234589329
1234588085
1234588124
1234577966
1234572717
1234571122
1234602072
1234595188
1234574850
1234598111
1234603885
1234570968
1234574123
1234585849
1234590220
1234594066
1234605172
1234577619
2000167439
1234572770
1234603136
1234596116
1234581231
1234582587
1234568270
1234587905
1234578723
1234585741
1234600377
1234586705
1234586069
1234570253
1234604509
1234594027
1234594685
1234593878
1234603211
1234603792
1234568974
1234583542
1234592964
1234595666
1234569807
1234579159
1234593078
1234603329
1234587607
1234578724
1234603902
1234585527
1234599602
1234597947
1234572422
1234571745
1234571205
1234594998
1234573292
1234597289
1234575327
1234573423
1234577039
1234572676
1234586455
1234584444
1234600051
1234593448
1234593811
1234587095
1234586816
1234587090
1234605488
1234568833
1234573843
1234605315
1234599860
1234582118
2000117885
1234590150
1234579029
1234588356
1234599795
1234569497
1234589834
1234577983
1234601526
1234603198
1234571633
1234577116
1234593557
1234589499
1234598409
1234569550
1234573236
1234572096
1234590412
1234582303
1234584788
1234590328
1234584934
1234599591
1234568965
1234573505
1234598480
1234594955
1234574655
1234583322
1234568212
1234602760
1234588191
1234570571
1234591105
1234584851
1234578183
1234586091
1234579608
1234596092
2000117847
1234605117
1234601397
1234598991
1234586958
1234583995
1234594626
1234572269
1234590882
1234568889
1234583257
1234602977
1234568355
1234595208
1234593896
1234578363
1234578672
1234577823
1234569601
1234587578
1234603072
1234572952
1234576681
1234574094
1234604560
1234596133
1234597458
1234576475
1234573018
1234569812
1234579343
1234596025
1234574327
1234594493
2000134627
1234605156
1234600395
1234570650
1234600008
1234572041
1234605086
1234595442
1234584339
1234583822
1234597750
1234601150
1234580431
1234572510
1234568475
1234592893
1234584160
1234570621
1234577078
1234583703
1234604027
1234585258
1234580822
1234590966
1234584071
1234585117
1234593606
1234568943
1234600745
1234594149
1234605347
2000134528
1234593989
1234570089
1234569340
1234574696
1234600438
1234577579
1234606115
1234588632
1234573605
1234578364
1234606375
1234573026
1234586230
1234575545
1234594824
1234600815
1234576008
1234589515
1234592312
1234590708
1234605317
1234588832
1234576466
1234602745
1234587648
1234599004
1234586502
1234569002
1234577878
1234603842
1234600132
1234602077
1234597941
1234572544
1234592133
1234577926
1234572511
1234572141
1234601709
1234573662
2000101149
1234602690
1234602050
1234601425
1234590278
1234573400
1234603251
1234570710
1234599168
1234585923
1234599535
1234577393
1234601880
1234588569
1234591955
1234568448
1234603773
2000166774
1234568593
1234591010
1234582376
1234577133
1234584895
1234585153
1234599184
1234569742
1234597749
1234573601
1234590925
1234572469
1234583284
1234594478
1234592756
1234590501
1234574503
1234572966
1234606310
1234600218
1234606260
1234587222
1234582503
1234587665
1234593237
1234595002
2000167079
1234594340
1234588219
1234604604
1234593928
1234599512
1234569561
1234595048
1234588647
1234569809
1234574243
1234578586
1234597222
2000005246
1234597652
1234595667
1234569402
1234577212
1234602066
1234587649
1234572290
1234592779
1234573798
1234571145
1234571532
1234579622
1234589508
1234593648
1234573123
1234574887
1234598809
1234588755
1234580343
1234586026
1234601666
1234576035
1234584749
1234603853
1234575313
1234584521
1234590281
1234587152
1234587006
1234584622
1234598765
1234579364
1234576754
1234580972
1234582251
1234603352
1234576912
1234585960
1234598627
1234570514
1234589446
1234587178
1234584395
1234601588
2000134024
1234573536
1234600026
1234600606
1234591139
1234574944
1234580623
1234572150
1234597962
1234587814
1234605147
1234594034
1234589528
1234598916
1234571138
1234602801
1234590992
1234591029
1234600679
1234603281
1234604333
1234570976
1234582479
1234574720
1234601195
1234574154
1234580655
1234587979
1234602931
1234599643
1234570754
1234583238
1234569034
1234572424
1234603673
1234583797
1234590589
1234571845
1234575363
1234589159
1234592969
1234579396
1234605065
1234585524
1234597270
1234572861
1234581854
1234585347
1234580973
1234595732
1234594472
1234595704
1234590516
1234595372
1234581357
1234569507
1234578393
1234580937
1234592938
1234571984
1234588977
1234603345
1234600974
1234570382
1234584774
1234602208
1234579190
1234603430
1234588246
2000167181
1234591155
1234568252
1234573311
1234600404
1234570093
1234575742
1234587488
1234603505
1234570274
2000138616
1234602919
1234570372
1234594971
1234572959
2000101139
1234580996
1234584283
1234591839
1234590924
1234581445
1234583038
1234601151
1234605014
1234605345
1234576892
1234582867
1234585693
1234573754
1234579249
1234591528
1234594312
2000109903
2000167138
1234584568
1234603661
1234581173
1234594570
1234575291
1234583216
1234603446
1234569153
1234605442
1234605403
1234606097
1234577136
1234571514
1234601687
1234605641
1234585856
1234600669
1234573805
1234573386
1234599783
1234604426
1234590824
1234589688
1234585187
1234590379
1234603295
1234589496
1234603166
1234601746
1234583438
1234573671
1234598370
1234604062
1234599344
1234583012
1234574225
1234576460
1234605300
1234604054
1234568440
1234594521
1234576512
2000005259
1234572579
1234583653
1234592102
1234598268
1234569475
1234571211
1234602782
1234593055
1234586966
1234573273
1234586406
1234586437
1234573554
1234573619
1234593772
1234597615
1234587537
1234571601
1234579314
1234572654
1234600106
1234577003
1234598687
1234583062
1234600131
1234578402
1234578377
1234601052
1234581713
1234588559
1234578016
1234604048
1234595069
1234572781
1234604446
1234583743
1234585284
1234601992
1234606269
1234601519
1234582502
1234590485
1234571551
1234578632
1234604549
1234588009
1234574068
1234583274
1234574391
1234603794
1234594162
1234590588
1234606264
1234597278
1234571038
1234593791
1234572414
1234593895
1234568811
1234570984
1234578951
1234576491
1234587467
1234577721
2000107774
1234569732
1234579638
1234583174
1234587188
1234596350
1234585529
1234573445
1234584603
1234574735
1234588889
2000143865
1234572471
1234596353
1234571635
1234584445
1234601525
1234572949
1234569919
1234583832
1234586957
1234585966
1234603176
1234569035
1234577956
1234600450
1234600078
1234577351
2000165731
1234593458
1234589240
1234593480
1234572955
1234582997
1234574821
1234573854
1234584075
2000117860
1234604193
1234605459
1234588190
1234572784
1234593123
1234571844
1234587718
1234574244
1234599887
1234587877
1234603736
1234601510
1234586867
1234600657
1234602548
1234575066
1234603385
1234568862
1234568632
1234599719
1234605051
1234596321
1234579151
1234575695
1234585276
1234590660
1234584205
1234583492
1234598679
1234587357
1234594720
1234605301
1234574919
1234584617
1234586866
1234595426
2000165612
1234570677
1234605561
1234574361
1234578293
1234573822
1234577374
1234604273
1234603520
1234589230
1234606312
1234584104
2000134591
1234575542
1234595923
1234573309
1234585474
1234589959
1234574185
2000005228
1234604847
1234599524
1234571861
1234573282
1234585085
1234594748
1234574210
1234570516
1234569185
1234596302
1234568548
1234594220
1234570342
1234576382
1234586313
1234602971
1234595663
1234583546
1234594153
2000167084
1234595907
1234602373
1234574019
1234602166
1234574536
1234571769
1234574721
1234603637
1234587620
1234579242
1234589178
1234598706
1234604430
1234577717
1234589848
1234574864
1234569775
1234600742
1234584321
1234580846
1234580331
1234573579
1234589173
1234590989
1234588118
1234605983
1234605018
1234602665
1234585214
1234590768
1234596040
1234582607
1234598474
1234577294
1234586784
1234601161
1234582760
1234573762
1234571242
1234577129
1234576098
1234581254
1234584269
1234573446
1234582269
1234579471
1234569159
1234571935
1234591856
1234572526
1234601636
1234579612
1234592237
1234588788
1234587543
1234581345
1234605305
1234598794
1234598876
2000114959
1234605257
1234582469
1234602708
2000115131
1234575634
1234605066
1234597621
1234572127
1234586993
1234590450
1234605485
1234597198
1234598347
1234572144
1234602777
1234592720
2000152753
1234582313
1234581262
1234589840
1234589105
1234572174
2000167625
1234584984
1234569239
1234582312
1234585398
1234570672
1234572483
1234595337
1234597803
1234600082
1234606153
1234576606
2000118512
1234590934
1234579446
1234587602
1234603394
2000114861
1234583894
1234583789
1234568896
1234578925
1234577848
1234581130
1234588489
1234582642
2000166752
1234583091
1234569655
1234599510
1234600459
1234593062
1234592039
1234590112
1234590497
1234573796
1234584074
1234591925
1234582470
1234591961
1234569539
1234603331
1234598379
1234583836
1234595926
1234583758
1234581120
1234592352
1234601009
1234598976
1234575340
1234573633
1234593946
1234588501
1234571828
1234585296
1234579153
1234575401
1234591126
1234568210
1234584111
1234598139
1234576404
1234570345
1234586741
2000134657
1234571245
1234582899
1234588895
1234606298
1234572523
1234601577
1234568192
1234590119
1234593792
1234582636
1234602735
1234575314
1234600773
1234582321
1234602115
1234583681
1234599335
1234586980
1234581712
1234606224
1234570665
1234580257
1234586197
1234568598
1234602086
1234587545
1234569117
1234582906
1234571825
1234583998
1234603228
1234569683
1234601122
1234579437
1234600293
1234604778
1234574338
1234597625
1234583660
1234573880
1234600630
1234581909
1234604086
1234578750
1234568847
1234584050
1234603431
1234580944
1234591224
1234603750
1234580609
1234598987
1234569448
1234605148
1234596026
1234585489
1234572678
1234575301
1234574287
1234587064
1234605922
1234603569
1234600175
1234603634
1234570397
1234587987
1234587184
1234579306
1234569724
2000118483
1234577793
1234597544
1234593125
1234572617
1234597409
1234578702
1234572752
1234596502
1234603453
1234603554
1234568651
1234591016
1234571184
2000005272
1234573651
1234575653
1234588272
1234578767
1234588697
1234603662
1234583548
1234594695
1234572662
1234589094
1234591225
1234568373
1234594285
1234580255
1234578701
1234586899
1234604064
1234580409
1234577186
1234595613
1234600370
2000165590
1234589822
1234574801
1234594613
1234580327
1234583934
1234598123
1234596117
1234569265
1234595040
1234584019
1234584666
1234570492
1234583865
1234574435
1234581194
1234600411
1234569859
1234571417
1234581838
1234585762
1234578831
1234579351
1234569001
1234593678
1234580778
1234570467
1234585812
1234582907
1234604224
1234602080
2000118504
1234585178
1234568318
1234593647
1234569756
1234581458
1234577662
1234593760
1234580743
1234603405
1234568679
1234579179
1234582418
1234599012
1234573447
1234571220
1234577488
1234588727
1234574447
1234581162
1234569434
1234605126
1234598907
1234587729
1234576383
1234598366
1234570377
1234570411
1234585288
1234590147
1234604564
1234581364
2000167658
1234571617
1234594835
1234596447
1234572503
1234576493
1234603696
1234587486
1234580578
1234581652
1234568576
1234578890
1234576431
1234595524
1234583184
1234597329
1234569407
1234571978
1234573213
1234594288
1234593708
1234572018
1234582263
1234586748
1234603606
1234603280
1234568538
1234593169
1234594830
1234574306
1234586590
1234594302
1234586041
1234597986
1234605384
1234593736
1234582087
1234596488
1234594128
1234590153
1234589117
1234573185
1234575338
1234575866
1234605472
1234600787
1234578849
1234604558
1234586990
1234570640
1234584509
1234601357
1234600656
1234592697
1234583104
1234574903
1234593455
1234595861
1234575628
1234574749
1234573669
1234602861
1234593048
1234585509
1234598210
1234605438
1234581844
1234590888
1234591948
1234598946
1234575247
1234572652
1234576559
1234578617
1234592675
1234599169
1234600642
1234572253
1234581354
1234582743
1234590417
1234586042
1234603895
1234596018
1234576973
1234597613
1234581648
1234571374
1234571922
1234571724
1234573481
1234572182
1234577502
1234576991
2000118732
1234572233
1234574150
1234584738
1234584972
1234592643
1234574047
1234581451
1234575398
1234593936
1234582888
1234582852
1234578329
1234578093
1234589079
1234584759
1234581330
1234577797
1234573300
1234590988
1234578575
1234579441
1234600183
1234585949
1234580348
1234595617
1234592630
1234586131
1234568627
1234574481
1234583948
1234589810
1234584844
1234601606
1234573856
1234586789
1234582437
1234603133
1234569171
1234604330
1234584326
1234583874
1234574784
1234583294
1234598124
1234572517
1234571187
1234573636
1234569293
1234599232
1234584800
1234577725
1234594738
1234572965
2000134602
1234598217
1234603151
1234579286
1234578851
2000134227
1234593419
1234594475
1234571501
1234586098
1234576957
1234573252
1234574509
1234569150
1234569096
1234588453
1234597469
1234579633
1234586959
1234581204
1234581913
1234601327
1234586481
1234585283
1234596061
1234585913
1234585675
1234602089
1234573316
1234577319
1234595629
1234581010
1234593690
1234581450
1234568434
1234602384
1234596000
2000167559
1234570288
1234579172
1234571393
1234574973
1234603774
1234574804
1234600011
1234587826
1234591233
1234604724
1234603150
1234587970
1234593943
1234583085
1234593365
1234576728
1234569263
1234577896
1234594084
1234568986
1234583665
1234583181
1234579315
2000167452
1234569547
1234592349
1234591125
1234594572
1234599001
1234605539
1234582920
1234573999
1234586649
1234573453
1234573391
1234569617
1234602076
1234573402
1234597426
1234598750
1234584786
1234589390
1234582585
1234585326
1234570799
1234578457
1234583099
1234593179
1234581048
1234600230
1234571561
1234600915
1234571736
1234571579
1234576564
1234603253
1234580774
1234601019
1234605436
1234588335
1234598963
1234575976
1234584801
1234582091
1234597549
1234593932
2000109893
1234578602
1234593302
1234584752
1234584138
1234596044
1234594300
1234599311
1234597455
1234603690
1234593872
1234594760
1234577899
1234600694
1234606118
1234591850
1234574151
1234603301
1234595082
1234575635
1234597602
1234568953
1234591960
1234604749
1234579293
1234600622
1234587073
1234572434
1234594747
1234599490
1234573152
1234594977
1234584778
1234599992
1234570784
1234577836
1234571427
1234571747
1234581144
1234602666
1234572309
1234594461
1234598408
1234572107
1234599476
1234592819
1234590504
1234569000
1234602516
2000155658
2000140131
1234576756
1234575590
2000118724
1234576959
1234577432
1234568511
1234597670
2000139199
1234586479
1234572604
1234582279
1234584026
1234593925
1234584529
2000167046
1234584776
1234594785
1234583881
1234584192
1234569160
1234599538
2000005240
1234573504
1234568848
1234586809
1234583708
1234598869
1234606168
1234579031
2000134634
1234600779
1234571416
1234591052
1234569012
1234568883
1234599726
1234585922
2000153007
1234587413
1234592928
1234583071
1234589559
1234577701
1234587686
1234587784
1234597197
1234573665
1234595304
1234571515
1234575388
1234600203
1234585844
1234584865
1234569109
1234588172
1234596062
1234598550
1234584871
1234581869
1234600227
1234594957
1234603703
1234592628
1234593721
1234577289
1234598775
1234600025
1234568635
1234600071
1234605194
1234603296
1234581718
1234575731
1234578573
1234606279
1234594080
1234595940
1234583040
1234574698
1234597565
1234603197
1234570761
1234595608
1234590622
1234605181
1234568697
1234596254
1234575056
2000005235
1234604567
1234601576
2000167468
1234571563
2000134638
1234581907
1234602938
1234592272
1234588486
1234583545
1234579144
1234586817
1234581645
1234595303
1234583829
1234568793
1234576919
1234586043
1234579128
2000178833
1234579220
1234582566
1234600872
1234574686
1234599003
1234582914
1234575403
1234568332
1234582995
1234587060
1234603315
1234603927
1234568276
1234587138
1234584187
1234582501
1234570225
1234585871
1234595009
1234584052
1234594973
1234588192
1234580687
1234587149
1234595093
1234601351
1234582453
1234587145
1234592829
1234582844
1234602798
1234591958
1234596104
1234569135
1234571345
1234586911
1234571869
1234606219
1234568832
1234603066
1234582073
1234575235
1234573935
1234568326
1234577571
1234603660
1234572950
2000109928
1234597776
1234583935
1234594215
1234589700
1234579303
1234593733
1234597428
1234591042
1234578194
1234579040
1234597893
1234604195
1234570532
1234596267
1234571521
1234585802
1234598316
1234589826
1234590574
1234576936
1234587778
1234570635
1234584978
1234576537
1234575239
1234588285
1234586156
1234572271
1234578590
1234584887
1234574039
1234568368
1234570356
1234577452
1234576075
1234580560
1234605626
1234598810
1234602693
1234581440
1234571750
2000134519
1234581686
1234569474
1234579585
1234591031
1234595103
1234595734
1234593447
1234575918
1234603358
1234586457
1234578667
1234593649
1234602079
1234576958
1234571206
1234573216
1234587887
1234573562
1234599540
1234597856
1234571527
1234576440
2000118122
1234597943
1234587689
1234576609
1234578254
1234584047
1234577718
1234574158
1234570567
1234600822
1234570550
1234590901
1234602364
1234590696
1234576896
1234578434
1234590790
1234586480
1234575974
1234568580
1234583692
1234586439
1234580929
1234597800
1234599116
1234596143
1234603020
1234584353
1234588493
1234590145
1234594348
1234585959
1234583051
1234603921
1234573499
1234569145
1234601334
1234595859
1234603553
1234570486
1234574278
1234572262
1234575271
1234596266
1234582639
1234571025
1234588519
1234582380
1234604386
1234580524
1234588283
1234604377
1234578361
1234590151
1234584688
1234601563
1234586350
1234585279
1234598694
1234590649
1234606212
1234588162
1234578352
1234592013
1234595706
1234603377
1234601242
1234578067
1234576906
1234590595
1234602985
1234593560
1234587527
1234591149
1234588732
1234592111
1234595223
1234577096
1234594275
1234588067
1234575121
1234577730
1234605142
1234600677
1234571386
1234584762
1234573915
1234585295
1234597240
1234598119
1234594267
1234569618
1234583949
1234596317
1234584279
1234578044
1234593714
1234600049
1234578009
1234586145
1234581722
1234599477
1234589246
1234577975
1234592705
1234601230
1234589412
1234573027
1234599471
1234601372
1234599739
1234582967
1234585473
1234584172
1234569277
1234593157
2000134576
1234578798
1234599166
1234580758
1234590393
1234603172
1234604524
1234595202
1234594592
1234580998
1234572825
1234592331
1234571014
1234596039
1234583824
1234595166
1234602959
1234572172
1234592962
1234591993
1234593156
1234572818
1234586357
1234571418
2000117856
1234568483
1234581715
1234588913
1234592838
1234599585
2000109918
1234576302
1234604484
1234590274
1234605606
1234579055
1234589236
1234572725
1234602553
1234599551
1234590365
1234585653
1234600678
1234583547
1234578396
1234571606
1234576801
1234599733
2000118502
1234593416
1234603078
1234588771
1234575681
1234587061
1234573427
1234587012
1234585334
1234571835
1234595456
1234572767
1234578917
1234595918
1234599796
1234603261
1234577857
1234604474
1234573214
1234595416
1234597252
1234592172
1234590104
1234570833
1234583728
1234580800
1234599911
1234582652
1234571223
1234602695
1234577855
1234578469
1234603514
1234581321
1234598816
1234598889
1234577942
1234603077
1234605294
1234595632
1234577994
1234598763
1234573013
1234598740
1234574968
1234570866
1234581720
1234578633
1234577297
1234569312
1234579110
1234573204
1234578856
1234599192
1234572675
1234597798
1234579513
1234572490
1234570265
1234570678
1234572680
1234601016
1234594470
1234577105
1234574052
1234589202
1234577697
1234606094
1234587790
1234568792
2000134534
1234571701
1234589902
1234588738
2000165601
1234568484
1234579465
1234601607
1234577143
1234575539
1234604928
2000117678
1234572142
1234580711
1234574498
1234592052
1234603808
1234578802
1234588022
1234576644
1234597276
1234579091
1234578196
1234605499
1234598948
1234591177
1234577618
1234594331
1234605659
1234579038
1234590872
1234589206
1234570819
1234600605
1234576352
1234603267
1234600640
1234583891
1234575325
1234569529
1234592140
1234581406
1234600783
1234574336
2000166664
1234577213
1234598462
1234574942
1234576713
1234595427
1234600272
1234574861
1234581762
1234602916
1234583666
1234594692
1234569517
1234585273
1234587976
1234568337
1234604205
1234597741
1234582736
1234569238
1234592108
1234573638
1234597721
1234591513
1234568441
1234602499
1234601085
1234602017
1234598214
1234593324
1234604415
1234595168
1234585731
1234595368
1234582306
1234596315
1234598498
1234568815
1234596097
1234579080
1234587452
1234594591
1234603407
1234575617
1234575129
1234590566
1234601863
1234569058
1234593132
2000166772
1234602802
1234579218
1234603054
1234574518
1234579566
1234585293
1234605547
1234577860
1234585967
1234582049
1234595989
1234589089
1234600364
1234585072
1234600891
1234582461
1234584612
1234576011
1234601028
1234579748
1234584002
2000166982
1234589108
1234576021
1234577921
1234592761
1234571236
1234599404
1234570458
1234600044
1234590965
1234575622
2000167444
1234605339
1234606379
1234573455
2000134561
1234572887
1234575593
1234605216
1234568171
1234603511
1234578824
1234578253
1234585483
1234571738
1234571116
2000134523
1234574103
2000109892
1234600357
1234596115
1234597425
1234577821
1234578664
1234588533
1234594520
1234574382
1234594730
1234574262
1234574875
1234573865
1234599011
2000005262
1234586056
1234597518
1234599898
1234599627
1234588300
2000114909
1234598352
1234604682
1234588158
1234583269
1234598728
1234593592
1234590721
1234588680
1234606140
1234586800
1234578297
1234582488
1234584144
1234587659
1234578079
1234573658
1234589509
1234580556
1234586170
1234574255
1234582723
1234599521
1234569735
1234587051
1234597871
1234581040
1234573139
1234605112
1234581655
1234606129
1234582973
1234605635
1234585377
1234601184
1234591099
1234568624
1234593947
1234569597
1234588915
1234568215
1234578953
1234578739
1234581885
1234588354
1234593577
1234581079
1234583846
1234600311
2000117887
2000165755
1234585240
1234598756
1234577868
1234574086
1234584386
1234599763
1234604497
1234574232
1234576100
1234601088
2000212848
1234587779
1234578852
1234569512
1234598459
1234586101
1234602634
1234581166
1234590385
1234594266
1234596007
1234575391
1234597564
1234601873
1234604218
1234593397
1234586841
1234595039
1234574664
1234593154
1234598240
1234583838
1234588879
1234579374
1234584217
1234569604
1234573378
1234598234
1234597745
1234568592
1234603860
1234574579
1234574613
1234590317
1234597706
1234584030
1234573566
1234571598
1234573498
1234588793
1234579127
2000134557
1234582879
1234605955
1234577264
1234590656
1234571506
1234581533
1234572183
1234587879
1234583809
1234592316
1234577551
1234587657
1234586875
1234570616
1234568650
1234600097
1234583806
1234575202
1234578107
1234587307
1234586222
1234582686
1234606155
1234578003
1234579516
1234574292
1234574020
1234586007
2000134520
1234590942
1234601667
1234578992
1234583046
1234599267
2000134600
1234571072
1234571207
1234569862
1234572542
1234593300
1234595358
1234598053
1234569017
1234595411
1234583671
1234571917
2000167568
1234593358
1234602164
1234586558
1234577550
1234584358
1234587459
1234601603
1234568397
1234583777
1234579532
1234572145
1234584121
1234594640
1234591833
1234584982
1234585770
1234582940
1234600625
1234571425
1234582068
1234572081
1234576568
1234601639
1234599886
1234587445
1234581848
1234589345
1234573361
1234572098
1234584879
1234589227
1234568781
1234572911
1234594500
1234600360
1234602075
1234585905
1234568203
1234586157
1234570354
1234579074
1234569566
1234582371
2000117889
1234570823
1234586051
1234569714
1234601306
1234597759
1234589696
1234594757
1234569333
1234590578
1234571713
1234606116
1234571083
1234584262
1234578065
1234593827
1234588827
1234578279
2000101542
1234605623
1234604223
1234580315
1234570821
1234602874
2000165757
1234586354
1234586647
1234603938
1234587669
1234590596
2000167712
1234599497
1234585133
1234585190
1234603202
2000165916
1234574957
1234594323
1234600754
1234604537
1234600244
1234580408
1234577316
1234583101
1234585940
1234578656
2000165605
1234599114
1234587616
1234594094
1234590661
1234581748
1234602840
1234603141
1234583946
1234584859
2000166521
1234572450
1234597673
1234573548
1234581439
1234570189
1234598877
1234592843
1234578126
1234573643
1234586673
1234585976
1234582962
1234591936
1234579321
1234589504
1234579097
1234578011
1234576529
1234593973
1234600834
1234590219
1234597662
1234584669
1234600422
1234573757
1234585973
1234570386
1234602217
1234571791
1234582937
1234576996
2000114894
1234596152
1234570095
1234579253
1234590774
1234579059
1234577885
1234601672
1234603886
1234597796
1234583303
1234601141
1234581541
1234595603
1234595910
1234576353
2000166933
1234592834
1234578433
1234603666
1234588645
1234601178
1234602852
1234578365
1234579425
1234593186
1234594005
1234602120
1234581172
1234571834
1234606131
1234598528
1234578807
1234579251
1234592885
1234570424
1234570232
1234574335
1234605070
1234590808
2000117853
1234577339
1234579149
1234590462
1234595029
1234602137
1234579307
1234574344
1234599159
1234580369
1234578238
1234585617
1234587751
1234569720
1234582490
1234604633
1234586556
1234573157
1234594701
1234579309
1234577556
1234603940
1234588608
1234588139
1234573773
1234574124
1234577455
1234569438
1234600556
1234595514
2000167626
1234604199
1234600145
1234599306
1234578058
1234570512
1234588314
1234586233
1234577796
1234601303
1234591292
1234592797
1234592788
1234593603
1234585540
1234578198
1234578629
1234582107
1234572646
1234578070
1234598779
1234576926
1234573868
1234579037
1234602257
1234584933
1234600042
1234573945
1234585496
1234577042
1234582405
1234585983
1234587020
1234570789
1234576643
1234579154
1234570592
1234576000
1234594802
1234572571
1234568927
1234586977
1234586132
1234589776
1234584585
1234588236
1234601332
1234588833
1234604031
1234575086
1234577460
1234605183
1234574822
1234582275
1234588468
1234594828
1234595928
1234573652
1234581397
1234576953
1234584054
1234577047
1234597839
1234591824
1234602200
1234582486
2000167594
1234605165
1234582985
1234585545
1234603711
1234586259
1234586238
1234596314
1234587301
1234601680
1234604075
1234605271
1234585469
2000134582
1234579503
1234592330
1234600758
1234575510
1234573459
1234606040
1234584920
1234578961
1234603489
1234575948
1234582300
1234595339
1234587153
1234584147
1234587726
1234597688
1234597436
1234595310
1234598891
1234591535
1234578893
1234602809
1234601580
1234579453
1234593940
1234573806
1234589127
1234574765
1234579062
1234581714
1234578648
1234578736
2000109922
1234601282
2000167665
1234599571
1234586549
1234586513
1234572918
1234571775
1234605951
1234582095
1234582710
1234586585
1234568735
1234604964
1234605946
1234593866
2000134529
1234604562
1234570801
1234587399
1234600234
1234589530
1234579191
1234578073
1234577102
1234574173
1234606340
1234593956
1234604030
1234569116
1234599347
1234582242
1234582244
1234571948
1234603436
1234582819
1234589544
1234588494
1234594320
1234603691
2000166766
1234574814
1234583952
1234589754
1234580858
1234586149
1234588825
1234571741
1234578085
1234585409
1234583214
1234582842
1234596430
1234584488
1234600390
1234600812
1234571355
1234570596
1234575206
1234595409
1234584641
1234582667
1234571893
1234586520
1234598006
1234601035
1234592040
1234588881
1234605356
2000166990
1234571177
1234569025
1234600250
1234601290
1234598023
1234587867
1234569534
1234602635
1234568189
1234578038
2000118158
1234569400
1234577299
1234578709
1234577179
1234569631
1234586962
1234600697
1234579337
1234570337
1234581163
1234575119
1234571783
1234588614
1234578763
1234581464
1234596123
1234588646
1234588518
1234590628
1234599891
1234585751
1234585937
1234589455
1234576932
1234594770
1234595896
1234604819
1234586786
1234582602
1234604930
1234600209
1234587733
1234603477
1234603248
2000118488
1234599031
2000166930
1234603649
1234586775
1234572879
1234583200
1234576077
1234594870
1234569563
2000109939
1234601571
1234569067
1234605970
1234602391
1234600718
1234590912
1234575277
1234585674
1234580290
1234584280
1234601113
1234595432
1234597632
1234580804
1234584263
1234570890
1234589853
1234572730
1234605548
1234576803
1234578945
1234586215
1234568710
1234600720
1234571673
1234600942
1234572235
1234595700
1234598398
2000114884
1234578836
1234578420
1234589944
1234588821
1234593980
1234594590
1234600887
1234583647
1234597322
1234577474
1234590187
1234597231
1234588073
1234569351
1234586188
1234594836
1234603128
1234574386
1234595881
1234579103
1234582404
1234571124
1234586769
1234569741
1234594627
1234587460
1234583096
1234593224
1234599086
1234569846
1234586891
1234573443
1234593897
1234576602
1234581336
1234589409
1234570194
1234590562
1234593889
1234595444
2000115077
1234603033
1234573258
1234603194
1234600472
1234583619
1234570306
1234584804
1234576890
1234571723
2000134502
1234606066
1234597708
1234587210
1234592745
1234573606
1234588552
1234572202
1234577434
1234571178
1234588352
1234572082
1234588042
1234605666
1234599968
2000178832
1234604299
1234570289
1234597453
1234584809
1234588079
1234585556
1234573783
1234604405
1234569510
1234578373
1234605325
1234603657
1234597281
1234571658
1234572634
1234579378
1234590710
1234598128
1234586766
1234597284
1234578811
1234602266
2000134539
1234569607
1234590725
1234590704
1234588303
1234599967
1234605515
1234588521
1234598675
1234571670
1234577637
1234593806
1234577809
1234573804
1234570630
1234586740
1234573472
1234573230
1234587931
1234590713
1234573694
1234602989
1234581088
1234598859
1234588082
1234601638
1234568684
1234589148
1234577622
1234593052
1234602061
1234588940
1234602696
1234569836
1234593408
1234569654
1234588553
1234593892
1234589867
1234572010
1234574713
1234603759
1234569637
2000143882
1234589886
1234584198
1234583598
1234586668
2000118134
1234587793
1234568691
1234570316
1234579319
1234599111
1234586031
2000134548
1234579359
1234600898
1234593490
1234579049
1234583103
1234573871
1234583278
1234603903
1234599450
1234592835
1234606303
1234582957
1234596008
1234575925
1234584271
1234593815
1234606188
1234572582
1234572000
1234570405
1234592298
1234603628
1234569212
1234588210
1234579146
2000166758
1234587383
1234588140
1234603596
1234572106
1234586409
1234597656
1234568721
1234603712
1234571996
1234580677
1234603699
1234576603
1234595968
1234600808
1234587034
1234571421
1234593595
1234590531
1234578376
1234574827
1234569745
2000110022
1234571135
2000165898
1234602505
1234574023
2000115676
1234600618
1234592918
1234575534
1234592751
1234585207
1234574699
1234587506
1234604084
1234591036
1234603949
1234590372
1234568643
1234602122
1234603010
1234583795
1234579020
1234570257
1234594726
1234593290
1234569010
1234586059
1234581474
1234603382
1234600535
1234584415
1234584334
1234573600
1234572427
1234589512
1234583742
1234586340
2000117863
1234598420
1234596500
1234594016
1234569033
1234585655
1234580385
1234585154
1234598306
1234602051
1234578249
2000134656
1234577886
2000118150
1234601302
1234597233
1234568818
1234570071
1234579174
1234587532
1234577380
1234594258
2000164205
1234578914
1234572215
1234594605
1234571080
1234596336
1234571234
1234598829
1234577604
1234579173
1234600685
1234603071
1234593483
1234580762
1234574631
1234579060
1234591999
1234580797
1234600136
1234599395
1234577583
1234599768
1234587780
1234581251
1234584003
1234596033
1234574588
1234580782
2000109933
1234570307
1234578819
1234575633
1234599340
1234603144
1234584541
1234598989
1234601779
1234569314
1234569343
2000134552
1234571140
1234588027
1234592143
1234589158
1234604349
1234586100
1234599986
1234591905
1234588334
1234568992
1234573764
1234575611
1234606163
1234582980
1234586684
1234572210
1234579886
1234572898
1234603809
1234587112
1234600241
1234570290
1234579053
1234584736
1234574299
1234576078
1234578848
1234568349
1234584594
1234574298
1234592146
1234595681
1234591928
1234591213
1234598910
1234603560
1234597583
1234568877
1234592722
1234573710
1234597825
1234597294
1234594187
1234572131
1234585522
1234583017
1234603069
2000134538
1234596225
1234582924
1234583513
1234596361
1234578740
1234577324
1234574839
1234600368
1234576988
1234592227
1234591390
1234572863
1234576502
1234569161
1234576938
1234570260
1234592713
1234596328
1234579552
1234578797
1234572790
1234579121
1234577099
1234584761
1234604019
1234584502
1234605979
1234572462
1234595645
1234587448
1234571642
1234600410
1234587172
1234570366
1234570987
1234577318
1234605940
1234603058
1234578429
1234591305
1234593693
1234600349
1234594013
1234572671
1234571809
2000109907
1234601182
1234592934
1234583584
1234586019
1234585248
1234572481
1234605368
1234598050
1234569133
1234606165
1234578993
1234591007
1234577699
1234574156
1234583272
1234595627
1234603837
1234582613
1234570896
1234598646
2000167441
1234597863
1234574736
1234587391
1234575272
1234577118
1234569499
1234587241
1234573913
1234589188
1234574072
1234569050
1234568706
1234584663
1234577862
1234570951
1234587505
1234599346
1234583659
1234583716
1234604180
1234579537
1234578731
2000166841
1234572459
1234595997
1234603561
1234568925
1234587013
1234570319
1234573523
1234572147
2000134498
1234598685
1234589859
1234587148
1234583016
1234600790
1234597437
1234589578
1234600653
1234578375
1234594808
1234602268
1234580989
1234580766
1234582650
1234570831
1234600009
1234569364
1234581462
1234600130
1234575532
1234603299
1234577555
1234581831
1234582410
1234603286
1234604296
1234597218
1234587155
1234596159
1234590285
1234581030
2000134670
1234583640
2000005231
1234576965
1234593404
1234594270
1234572207
1234596151
1234578025
1234569225
1234604527
1234598476
1234605272
1234597960
1234603868
1234596445
1234582742
1234570941
1234569395
1234588058
2000113598
1234584422
2000167466
1234602587
1234593912
1234579454
1234583067
1234592051
1234581131
1234596349
1234575390
1234603486
1234585108
1234573902
1234577117
1234576589
1234589938
1234576452
1234601955
1234591154
1234580248
1234594523
1234580716
1234586571
1234589214
1234580518
1234589161
1234577931
1234591208
1234575627
1234594989
1234577791
1234584655
1234601050
1234592221
2000178831
1234572970
1234572727
1234590125
1234606317
1234598786
1234572684
1234589709
1234569611
1234568307
1234597279
1234577716
2000119574
1234600752
1234587603
1234585353
1234574190
1234577403
1234573162
1234596318
1234578385
1234575356
1234602501
1234579310
1234578645
1234570263
1234587420
1234594181
1234590662
1234583969
1234605522
1234582044
1234602260
1234579509
1234589453
1234580939
1234599871
1234580851
1234597821
1234588349
1234585979
1234594624
1234572493
1234570639
1234577639
1234599939
1234601593
1234569913
1234603438
1234572775
1234578826
1234581352
1234597196
1234605579
1234606204
1234595908
1234580970
1234589718
1234575551
1234575749
1234589561
1234572186
1234596067
1234602906
1234603857
1234599482
1234581855
1234601628
1234568854
1234604455
1234581459
1234581949
1234589176
1234586928
1234605871
1234586507
1234591000
1234586744
1234600958
1234570503
1234576492
2000113562
1234581228
1234578187
1234572426
1234571241
1234571161
1234589330
1234574757
1234573257
1234590297
1234581539
1234588723
1234601870
1234601010
1234601517
1234601592
1234579882
1234589152
1234580689
1234594752
1234571785
1234597593
1234576650
1234576682
1234589480
1234594700
2000114878
1234584484
1234605263
1234577705
1234576956
1234571375
1234578990
1234600143
1234569469
1234593057
1234593561
1234599894
1234583189
1234578019
1234603428
1234579424
2000113597
1234575572
1234579046
1234602821
1234582651
1234577807
1234581910
1234600243
1234573368
1234570272
1234581859
1234582403
1234578358
1234572573
1234580334
1234573483
1234593211
2000109910
1234589319
1234568824
1234579496
1234603499
1234601884
1234605351
1234588364
1234600786
1234603413
1234595537
1234582865
1234583678
1234572302
1234586951
1234592248
1234581473
1234576411
1234577907
1234580395
1234594243
1234604585
1234599513
1234590214
1234570756
1234597787
1234593999
1234586547
1234593848
1234606148
2000167607
1234577431
1234572602
1234595561
2000134650
1234601506
1234570950
1234582734
2000212847
1234581817
1234593920
1234605217
1234572636
1234572020
1234575287
1234598576
1234597847
1234570101
1234568918
1234576058
1234596496
1234578997
1234587193
1234568404
1234597241
1234604435
1234591981
1234587788
1234589090
1234595222
1234584191
1234590576
1234569819
1234597375
1234576494
1234606376
1234602701
1234596422
1234571010
1234604710
1234604366
1234582704
1234592112
1234603937
1234594115
1234598668
1234591331
1234577911
1234588176
1234569907
1234578662
1234587351
1234586690
1234601381
2000107022
1234579295
1234594133
1234570191
1234579027
1234576508
2000164237
1234590782
1234605166
1234591098
1234568371
1234570468
1234569416
1234575142
1234570218
1234589947
1234568602
1234578983
2000101543
1234589123
1234589780
1234584798
1234582859
1234571683
1234583597
1234589772
1234572946
1234590779
2000143881
1234571891
2000166706
1234569692
1234573405
1234601341
1234598497
1234574284
1234601739
1234582579
1234599018
1234581843
1234576971
1234571410
1234604268
1234599805
1234598904
1234574350
1234585505
1234605455
1234588684
1234603495
1234582913
1234583021
1234605404
1234585047
1234580662
1234590900
1234569665
1234578737
1234593971
1234578193
1234599997
1234605639
1234594668
1234601500
1234578218
1234593109
1234593879
1234598247
1234594569
1234593948
1234571800
1234592004
1234582115
1234604212
1234571541
1234578878
1234583670
1234576055
1234587131
2000165613
1234605448
1234585557
1234593220
1234605689
1234576699
1234594221
1234595128
1234581814
1234604725
1234583161
1234571194
1234600802
1234568929
1234606173
1234600228
2000114890
1234601030
1234568655
1234587400
1234577119
2000167072
1234573286
2000178830
1234593243
1234599832
1234584988
1234592151
1234569262
1234571001
1234592836
1234595364
1234593092
1234589830
1234601675
1234573176
1234590476
1234588867
1234597201
1234606295
1234590885
1234601191
1234601004
1234596147
1234569459
1234575059
1234604534
1234604640
1234572108
1234605982
1234589364
1234604481
1234598052
1234604160
1234578714
1234569934
1234590178
1234572293
1234599077
1234576651
1234590418
1234587464
1234571770
1234586070
1234578729
1234570543
1234605432
1234589707
1234571944
1234589441
1234572993
1234574258
1234605573
1234583618
1234570994
1234577293
1234590406
1234590672
1234580361
1234583537
1234585125
1234596110
1234587929
1234597599
1234573191
1234583657
1234598641
1234570499
1234604302
1234588622
1234606103
1234589474
1234578839
1234575400
1234581896
1234575286
1234600715
1234601044
1234578598
1234585311
1234601742
1234570522
1234600896
1234601670
1234580339
1234570840
1234572501
1234581078
1234577634
1234593559
1234576400
1234568354
1234575644
1234581760
1234587072
1234605523
1234584889
1234568819
1234578711
1234577161
1234588422
1234594781
1234589502
1234573932
1234582319
1234602125
1234569167
1234590688
1234577076
1234584042
1234587933
1234587218
2000109943
1234598122
1234590624
1234597889
1234591858
1234584443
1234593863
1234585858
1234575734
1234593548
1234590573
1234568829
1234597848
1234574484
1234588008
1234588850
1234573962
1234582065
1234603303
1234601342
1234580552
1234583738
1234573568
1234593658
1234584795
1234576901
1234577106
1234588420
1234572291
1234573392
1234596093
1234572195
1234590730
1234597687
1234573373
1234590564
1234598588
1234583277
1234576907
1234599505
1234572184
1234568959
1234603093
1234569283
1234599242
1234584968
1234593336
1234582832
1234584525
1234574001
1234595341
2000118149
1234597244
1234599393
1234598709
1234602300
1234577741
1234596367
1234573387
1234595635
1234603636
1234568382
1234585552
1234601725
1234603780
1234605596
1234595506
1234593959
1234568298
1234572694
1234591994
1234576962
1234605503
1234574000
1234588288
1234570991
1234603771
1234595674
1234586903
1234594777
1234592159
1234573924
1234600034
1234582077
1234578517
1234571564
1234603094
1234578103
1234570777
1234599564
1234581341
1234577997
1234587569
1234584650
1234585143
1234587081
1234578387
1234587109
1234580675
2000134083
1234605092
1234594848
1234582606
1234579431
1234591039
2000166756
1234600755
1234606178
1234568278
1234585910
1234601148
1234570800
1234599530
1234576954
1234580247
1234577050
1234578855
1234587731
1234573851
1234586608
1234602948
1234601295
1234603437
1234595946
1234581112
1234592106
1234605939
1234596101
1234603510
1234594648
1234572729
1234595078
1234568265
1234589781
1234584926
1234574077
2000118127
1234593315
1234572912
1234595513
1234586276
1234606251
1234580753
1234568836
1234575234
1234573943
1234595335
1234605380
1234605238
1234592147
1234603939
1234584370
1234570902
2000107302
1234593203
1234581276
1234600045
1234576375
1234603741
1234595469
1234595329
1234590571
1234593922
1234597577
1234581489
1234604692
1234591023
1234594040
1234577010
1234599027
1234601021
1234603951
1234599338
1234594615
1234583727
1234587535
1234596370
1234599499
1234580293
1234569808
1234585219
2000114991
1234598811
1234568240
1234605163
1234575357
2000167421
1234598419
1234589837
1234578200
1234587668
1234577402
1234571600
1234571796
1234571740
1234593153
1234584385
1234604190
1234592844
1234598824
1234568421
1234587687
1234569530
1234575550
1234604159
1234605132
1234598353
1234573653
1234600589
1234568587
1234592746
1234588619
1234582666
1234585554
2000134643
1234578395
1234588876
1234584579
1234580329
1234582925
1234602862
1234581525
1234570559
1234593725
1234605068
1234585389
1234587773
1234578303
1234583978
1234584201
1234586890
1234599889
1234606255
1234586421
1234569303
1234589684
1234605960
1234588824
1234586659
1234592292
1234568739
1234579073
1234575210
1234601395
2000113583
2000167606
1234594796
1234594964
1234585045
1234574802
1234578822
1234584499
2000166943
1234570116
1234568607
1234586883
2000165736
1234584139
1234571610
1234593967
1234600184
1234599318
1234583119
1234573846
1234591190
1234599628
1234578625
1234577453
1234598570
1234592061
1234585869
1234595108
2000178991
1234572958
1234587104
1234577326
1234597894
1234585892
2000005247
1234569760
1234606225
1234572909
1234594589
1234583048
1234591816
1234606350
1234596346
1234587010
1234595745
1234601477
1234587576
1234578338
1234572457
1234590761
2000188596
1234604392
1234586610
1234579420
1234593172
1234571060
1234575427
1234581056
1234595311
1234579567
1234571768
1234577992
2000134141
1234594658
1234590310
1234575420
1234568806
1234583023
1234603841
1234569047
1234601650
1234603877
1234601003
1234583707
1234570495
1234605200
1234577160
1234576070
1234593439
1234580981
1234576719
1234585371
1234587524
1234569856
1234605410
1234603256
2000113552
1234594454
1234590172
1234588336
1234569572
1234575947
1234577812
1234569830
1234569259
1234593147
1234602624
1234597534
1234590679
1234592100
1234590389
1234580748
1234594639
1234574456
1234577660
1234569186
1234571235
1234606199
1234587052
1234572661
1234575756
1234590491
1234592098
1234598807
1234606378
1234604461
2000005249
1234571525
1234601491
1234578068
2000134629
1234604369
1234600239
1234589396
1234581207
1234586909
1234595963
1234594085
1234605565
1234594483
1234580776
1234582239
1234572801
1234574597
1234589535
1234589914
1234574462
1234577002
1234594774
1234574645
1234585329
1234600537
1234590913
1234600020
1234589144
1234597267
1234568357
1234602118
1234592196
1234598543
1234573867
1234569246
1234585335
1234594231
1234576441
1234598231
1234576747
1234597485
1234604914
1234578382
1234574007
1234601612
1234596327
1234576054
1234578383
1234605470
1234572260
1234576966
1234577329
1234578868
1234585761
1234580253
1234579328
1234571830
1234606162
1234594742
1234580358
1234568875
1234595554
1234596493
1234602060
1234569505
1234594960
1234597394
1234596477
1234580963
1234593051
1234585179
1234573950
1234590943
1234602830
1234599991
1234585460
1234578987
2000167556
1234578745
2000115129
1234577515
2000118505
1234570993
1234585397
1234576695
1234579386
1234598005
1234603355
1234598713
1234589685
1234599547
1234598252
1234593251
1234574095
1234569276
1234600007
1234595638
1234579576
1234587815
1234580658
2000167454
1234581248
1234593403
1234594464
1234605153
1234599059
1234593217
1234591309
1234590464
1234597617
1234577972
1234575161
1234590541
1234572587
1234605605
1234600559
1234603163
1234585129
1234576425
1234568529
1234571571
2000134530
1234603552
1234585182
1234603259
1234578374
1234600427
1234590117
1234603143
1234590873
1234606191
1234575214
1234581492
1234592127
1234604630
1234596089
1234583642
1234595723
1234573014
1234568422
1234582715
1234571731
1234577763
1234587113
1234600805
2000134551
1234603017
1234578823
1234603758
1234580549
1234601132
1234584532
1234600393
1234590916
1234606328
2000134589
1234589489
1234589521
1234594031
1234587821
1234570388
1234577910
1234589883
1234573511
1234577283
1234595497
1234604173
1234580303
2000109945
1234597324
1234588784
1234587973
1234581467
1234588513
1234588234
1234578815
1234602929
1234584797
1234580606
1234587704
1234584116
1234569595
1234601722
1234594874
1234595118
1234596448
1234595960
1234584722
1234573680
1234588452
1234587988
1234600902
1234583538
1234592765
1234569024
1234594504
1234572090
1234599231
1234571183
1234598803
1234578345
1234596124
1234605278
2000167185
1234568809
1234588837
1234600645
1234591328
1234599882
2000114618
1234570814
1234586072
1234571079
1234598120
1234574754
1234571367
1234592153
1234591043
1234592359
1234579889
1234601100
1234586813
1234605027
1234603768
1234570573
2000134661
1234599880
1234577566
1234596406
1234598227
1234603968
1234579355
1234584626
1234570466
1234582700
1234570915
1234581683
1234584117
1234569716
1234580842
2000134569
1234584891
1234588917
1234589485
1234585920
1234575343
1234580523
1234606120
1234570483
1234598303
1234605518
1234574478
1234602358
1234580922
1234572768
2000114865
1234574261
2000118155
1234586743
1234579458
1234583318
1234584903
1234583218
1234603995
1234578728
1234597376
1234585323
1234587942
1234575330
1234578515
1234592022
1234571570
1234586343
1234585707
1234569079
1234579332
1234574815
1234574022
1234583774
1234568293
1234593709
1234578306
1234569223
1234603965
1234606016
1234594751
1234581808
1234592027
2000167553
1234588630
1234580544
2000109940
1234575506
1234580332
1234595559
1234572513
1234590234
1234588041
1234597767
1234595087
1234599736
1234574131
1234606294
1234596272
1234582994
1234575504
1234569297
1234598237
1234568636
1234580433
1234586208
1234603011
1234568329
1234605567
1234603319
1234572465
1234588465
1234585234
1234600852
1234572583
1234569386
1234579171
1234569663
1234573809
1234603037
1234583267
1234605972
1234573751
1234598638
1234605473
1234587916
1234603226
1234592024
1234606161
1234606359
1234595452
1234569828
1234576855
1234575115
1234587910
1234600871
1234599569
1234572021
1234592863
1234599388
1234605558
1234577957
1234578454
1234605327
1234577091
1234582086
1234592748
1234580735
1234592817
1234587755
1234587031
1234598478
1234589475
1234589444
1234577029
1234573503
1234581268
1234569928
1234586643
1234593288
1234588418
1234582921
1234585650
1234605295
1234595758
1234602498
1234582399
1234602870
1234568668
1234595031
1234592122
1234572612
1234596379
1234601399
1234578356
1234585352
1234581026
1234597431
1234568913
1234601075
1234588256
2000134646
1234573485
1234586577
1234596070
1234584549
1234576931
1234594106
1234588446
1234583867
2000188786
1234586201
2000114870
1234588894
1234598249
1234603403
1234569199
2000134542
1234584141
1234568285
1234587485
1234593652
1234574862
1234605401
1234588747
1234603812
1234598395
1234584544
2000134555
1234604376
1234601565
1234588091
1234582247
1234595887
1234584931
1234582874
1234581005
1234579620
1234580520
1234583222
1234602755
1234568340
1234568443
1234586261
1234571176
1234588182
1234572589
2000118121
1234574381
1234590898
1234578258
1234595453
1234597965
1234602221
1234583963
1234575090
1234572552
1234605187
1234573789
1234585987
1234595074
2000188783
1234604616
1234604719
1234581051
1234572989
1234573376
1234595045
1234570384
1234600001
1234597219
1234592811
1234572914
1234580258
1234593888
1234597689
1234600664
1234602949
1234586614
1234581393
1234598852
2000114899
1234602691
1234603742
1234604372
1234572982
1234593090
1234604816
1234589103
1234590786
1234574303
1234585919
1234593205
1234600201
