1235082236
1234926010
1234626847
1235072485
1234621284
1235080361
1234625348
1235071831
1235075310
1235071997
1235079434
1234627099
1235080668
1235082828
1234626168
1234931496
2000201102
1235078763
1235078778
1234626201
1234619638
1234931498
1235072372
1234626181
1235081939
1234621616
1235082636
1235071878
1235077048
1235078902
1235242654
1234618712
1235073741
1235078870
1235323878
1234620735
1234620707
1235073177
1235072852
1234626341
1234626944
1234619253
1234619223
2000109991
1234622493
1235081721
1235073207
1234933238
1235080112
1235082804
1235075534
1235323799
1235082309
1235079727
1234620102
1234625133
1235076920
1234623585
1235079905
1235194824
1234622868
1235081972
1234623122
1234620590
1234626442
1235072541
1234929490
1235081535
1235077666
1234626176
1235078574
1235072728
1235203220
1234623593
1235070975
1235072052
1235078588
1235076169
1234618290
1234620117
1235078595
1235079384
1234619607
1235071904
1234618811
1235194830
1235072169
1235075214
1235082635
1235323737
1234622234
1235323808
1234618516
1235076827
1234621223
1234626239
1235077052
1234623963
1235081844
1235073658
1235073323
1235075658
1234623506
1235196361
1235081951
1235074519
1235323651
1234619985
1235324118
1234619164
1235075539
1234622147
1234618522
1234626402
1234619931
1234618235
1235077079
1235071257
1234626971
1234928942
1234623468
1235071823
1234623077
1235081094
1235071105
1235074016
1235324065
1235076738
1235073261
1235072185
1235081885
1235074479
1235075327
1234624894
1234622532
1235082491
1234618741
1234933234
1235078854
1235073122
1235073083
1234926266
1235202416
1235074878
1235078933
1234624047
1235196589
1234621434
1235324038
1234626258
2000189519
1234619715
1235074621
1234618751
1234622661
1234620272
1234620261
1234624952
1234618791
1235074158
1234624924
1234619173
1235077686
1235079089
1234620546
1234625125
1235073790
1235076176
1235081843
1235075298
1235074727
1235071872
1234621432
2000201136
1234623610
1234625726
1234930516
1235082606
1235074620
1234626067
1234625603
1235078501
1234623641
1235075476
1235075460
1235081920
1234930294
1234928902
1235071559
1234625572
1235077846
1235076753
1235072383
1234622148
1234622275
1235074934
1234625649
1234621627
1235075163
1235072744
1235075056
1234619991
1235324190
1235075053
1235073699
1234929379
1235073004
1234623076
1234933223
1234620996
1235078717
1235202516
1234620366
1234625082
1234870366
1234870382
1235075505
1234870399
1234626232
1235073819
1235082822
1235074076
1235082544
1234622764
1235074945
1235076916
1235074004
1235071470
1234624054
1234928386
1235082216
1235080126
1235077713
1235075820
1234620270
1234618678
1235073989
1234620122
1235323835
1235079688
1235073154
1235071810
1235242353
1234618193
1235323940
1234620275
1234624927
1234626574
1234624013
1235071916
1234621336
1235072967
1234623453
1234623064
1234625725
1235073667
1235076439
1235074579
1234620922
1234623028
1234624806
1235078000
1235078731
1234931144
1234623859
1235078537
1235082116
1234624056
1235072750
1234931345
1235080557
1234626188
1235081857
1234625554
1234622835
1235072709
1234619119
1234620262
1235080628
1234619591
1234928403
1235073191
1234926104
1234621459
2000165724
1234622620
1234931864
1235073564
1235074732
1235080866
1235075465
1235076741
1234622139
1235080544
1234621369
1234624822
1234624046
1235079304
1234626392
1235081787
1235202764
1235075565
1235323946
1234618661
1234620766
1235077128
1234618669
1234932324
1235078901
1235074093
1234624789
1235187750
1234626104
2000192375
1234626288
1235081015
1234620085
1234618303
1235080833
1235162662
1234622741
1235078291
1234624893
1234932879
1235080121
1234928442
1234623615
1235073550
1234626154
1235195048
1235081635
1234623362
1235073126
1235072641
1234621360
1235079108
1235079930
1235072235
1234626569
1235079242
1234626573
1234933233
1235080583
1235077502
1235071372
1235082306
1234618955
1234626872
1234620589
1234930620
2000110282
1235323945
1234621442
1235323906
1235077111
1235072215
1234619923
1235242737
1235082278
1235072203
1234626403
1235079539
1234622230
1234927595
1235080533
1235078311
1234622754
1235074877
1234619650
1234625698
1235202544
1234623554
1234618296
1235071089
1234932254
1235070969
2000110256
1234623479
1234621038
1234620634
1235071568
1235242756
1234626507
1235071078
1234621033
1235074886
1234626195
1235074601
1234621340
1234626518
1235082549
1235078721
1235082365
1235073255
1234620873
1235071939
1234621562
1235078514
1235078708
1234621624
1234618769
1234622428
1235079427
1235082817
1235073857
1235195643
1235075541
1235074552
1234930552
1234620052
1234622167
1235077591
1235079387
2000107886
1235082114
1235073214
1234619263
1234932945
1235075649
1235077647
1235196406
1234626185
1235194260
1235073521
1234930352
1235196959
1235080338
2000114849
1234926311
1235080490
1234620120
1235074125
1235072681
1235072368
1235071396
1235190382
1234928392
1235242267
1234626456
1234624852
1234623589
1235073257
1235076191
1235072210
1234621309
1234621317
1234627118
1234624798
1234623986
1235240034
1234624005
1234930827
1235076802
1234621557
1234625334
1235075553
1234623582
2000196063
1234622489
1235323720
1235077857
1235324013
1235072544
1235200447
1235323982
1234930626
1234620946
1235074965
1235076549
1235074463
1234622504
1234620761
1234619900
1234929042
1235240002
1234930481
1235074473
1235079301
1234927230
1235080614
1235323942
1234620839
1235324037
1234626455
1234619107
1235080426
1235072837
1234926118
1235082137
1234622488
1235072228
1235323588
1235073527
1235073743
1234626535
1234619254
2000196055
1234622478
1234621625
1234620653
1234621201
1234926533
1234928917
1234621519
1235201224
1234624831
1235078312
1235071178
1235079903
1235074613
1235078506
1235078317
2000032365
1234626202
1235079646
1234618552
1235079884
1234619078
1234625559
1234620894
1234623412
1235079272
1235080108
1234620026
1235079352
1234620363
1234627024
1235189936
1234623985
1235323996
1235079488
1234620978
1234626987
1234625372
1235072831
2000187723
1235077878
1235076177
1234620586
1235250709
1234626364
1235075445
2000139459
1235080146
1234620505
1234619624
1235081763
1235071561
1235079353
1234930413
1234929477
1235323948
1234620488
1234621628
1234618596
1235071554
1235074972
1234619557
1235079955
1235071366
1234624038
2000201160
1235071493
1234623836
1235081547
1234622383
1235070939
1234622928
2000201158
1235202548
1235073826
1235079732
1234619530
1235323900
1235074890
1234622834
1235196041
1235075326
1235075131
1235078395
1234620702
1235070984
1234624086
1234620666
1234626843
1234625978
1234619666
1235079718
1235080328
1235323939
2000114915
1235071069
1234928412
1234919077
1235080341
1235324072
1235081914
1235081430
1235079034
1234620945
1234932939
1235080436
1235082265
1235077728
1235323739
1234620108
1234624886
2000205469
1234870379
1234625261
2000180743
1234626083
1235075676
2000110246
1234627070
1235188941
1234622643
1235081889
1235324182
1235176761
2000204897
1235075206
1235072046
1235324036
1235072851
1235079687
1234619518
1235082071
1235194845
1235079760
1234930414
1235071465
1235323819
1234620631
1235075531
1234623561
1234623045
1235080347
1234619184
1234618973
1234627045
1234928387
1235078282
1235071161
1234625273
1234623054
1234618603
1234625656
1235073265
1235079791
1235078601
1235071580
1234625535
1234626519
1234929077
1235075452
1235081782
1235324195
1235073757
1235079216
1235242692
1235080536
1234618207
1235082790
1234626537
1235080677
1234625702
1234625099
1234621516
1235073009
1234618620
1234624093
1234618767
1235075985
1235077035
1235073904
1235082594
1235073635
1235078540
1235071539
1235075045
1234623493
1234618348
1235075535
1234621352
1234626869
1234621212
1234625654
1234618630
1235323604
1235080617
1234626837
1234619178
1234620391
1235075117
1234932372
1235081010
1234626284
1234928735
1235082507
1235168455
1235078780
1235075451
1235077123
1235076597
1234626115
1234627090
1234626884
1234622473
1234620017
1235078996
1234620977
1235078958
1235081678
1234928019
1235071367
2000118602
1235080683
1234623051
1234626009
1235082593
1235073310
1235077756
1234619065
1234618609
1235074313
1235248642
1234619303
1234626191
1234622138
1235081842
1235079500
1234623557
1234619936
1234622322
1235071486
1235245214
2000196062
1234932484
1234933260
1235195044
1235323857
1235079355
1234619446
1235078939
1235079048
1234625780
2000139462
1234933248
2000201167
1235079319
1234623664
1235072293
1235194994
1235078987
1235074776
1234618402
1234930328
1234618583
1234621533
1234926537
1235073968
1235074559
1235078410
1235082308
1235082733
1235323685
1234623469
1235242594
1235073073
1234625202
1235324000
1234623984
1235075147
1235187817
1235195645
1235075540
1235167485
1234622573
1234932397
1234625260
1235248644
1235080508
1234623542
1235074871
1235078681
1235079349
1234621469
1235081658
1235076534
1235079570
1234620033
1234618530
1234623889
1234621070
1235240007
1234619110
1234619299
1235323742
1235075037
1235196018
1234625259
1235074428
1235079448
1234623127
1234621378
1235324110
1235082263
1235187345
1235082275
2000185495
1234929625
1235197129
1235194259
1234618281
1235082721
1235073133
1234622569
1234626008
1234626070
1235082446
1235074500
1235073239
1234622860
1234622500
1235078597
1234619308
1235077057
1234930688
1234625038
1234619370
1235323635
1235242428
1234927125
1235071371
1234621517
1234927594
1234620330
1235077023
1235323616
1235202561
1234619413
1234624045
1235074095
1234870420
1235195076
1234618787
1234932332
1234621226
1235079211
1234625307
1235072459
1234623461
1234623512
1235081460
1234621687
1234622732
1235082726
1235323868
1234619417
1234621355
1235080580
1234624834
1234624052
1235202759
1235079296
1234932370
1234621216
1235080542
1234625729
1234618254
1234620661
1234625174
1235079907
1235078541
1235073311
1234928941
1235080867
2000114922
1234618623
1234618874
1234622906
1234621586
1235077022
1234619375
1235197501
1235073593
1235076448
1234625104
1234930173
1235074916
1234618954
1234627150
1235203442
1235079569
1235082341
1235073127
1234621291
1235075308
1234619095
1235079004
1234927581
1234626490
1234620296
1234930232
1235072212
1235074546
1234618849
1235075509
1234621376
1234621563
1235082445
1235078299
1234626260
1235072723
1234930551
1234621040
1234625498
1235081544
1234622154
1235074742
1235177491
1234626004
1235073228
1234624164
1234619639
1234624770
1234625551
1235078774
1234929402
1234622502
1234618680
1235071840
1234627026
1235081062
1234930274
1235195049
1235082556
1235073726
1234620642
1235079205
1234929480
1235076187
1234622701
1234620524
1234618325
1235073129
1235074148
1234618264
1235075173
1234625191
1234620199
1234620047
1235075998
1235077033
1234625793
1235079813
1235072542
1235079943
1234619129
1235195478
1234625153
1234623892
1235073684
1235077757
1234927904
1234928015
1235082328
1234928020
1235082307
1235077995
1234622633
1235079568
1235078600
1235078647
1234626161
1235081677
1235078407
2000165725
1235074544
1234929038
1234619983
1235323623
1235195288
1235196682
1234622672
1234621078
1235072247
1235324043
1234620128
1235074028
1234621399
1234626257
1235074604
1234625190
1234619341
2000192398
1235074015
1235080151
1235323589
1235079786
1235073107
1234624870
1234619584
1234619541
1234623350
2000155689
1235071841
1235070963
1235074208
2000195025
2000205472
1235079492
1234623082
1235073213
1235080335
1235072468
1235078931
1234627117
1235073227
1234621709
1234618696
1235072943
1234626503
1235077690
1234882664
2000201141
1235073076
1235082537
1234623605
1235079777
1235073546
1234928943
1234625492
1235082360
1234620152
1234931417
1235080441
1235075994
1234621425
1235078136
1234885149
1235082233
1235074992
1234624768
1235071480
1235078527
1235081919
1234623710
1235071830
1235080429
1234619696
1235082731
1235075563
1235082194
1234625395
1234618851
1235080422
1234927215
1234622379
1234622814
1235077714
1235072947
1234622585
1235190735
1234619555
1235075875
1235075475
1235240028
1234621507
1234622560
1235072502
1234624939
1235082364
1235077820
1234624070
1235081760
1234929435
1234619179
1235073731
1234930619
2000196054
1235077652
1235081463
1235078401
1235081540
1234618867
1234618225
1235073526
1234618716
1235079386
1234625411
1235324147
1234623473
1235079213
1234624174
1235074985
1235082515
1235196678
1235242236
1235073194
1234620985
1234625159
1235081833
1235082723
1235075525
1235077721
1235072702
1235074001
1235079843
1234622866
2000139461
1235072266
1235074847
1234619661
1234627129
1234618379
1235323929
1234623757
1234620160
1234929611
1235077617
1234620998
1234618343
1234626559
1234619270
1235077065
1234870355
1235080607
1234624014
1234620794
1234619891
1234622730
1234618853
1235188977
1235195002
2000180326
1235079219
1235082510
1235081927
1234620832
1235082305
1235083558
1235072162
1234928000
1235191261
1235078741
1235189017
1234622533
1235079511
1235323574
1234622617
1235079628
1234870391
1234626320
1235076922
1234622806
1234618371
1235078486
1234623555
1234619124
1235073802
1234625287
1235323959
1235073118
1235072730
1234621093
1235074207
1235074623
1234621308
1234622605
1234620893
1235072042
1235081674
1234619383
1234927140
1234620299
1235082716
1235078950
1235076837
1234626400
1235076000
1234619727
1234618664
1234623751
1235071462
1235081815
1235074909
1235072276
1235082348
1234626190
1235082631
1234625410
1234625362
1234623547
1235078491
1235198278
1234618376
1234622936
1235075560
1234622578
1235072713
1235079677
1234620637
2000114911
1234618584
1235324179
1234618831
1234619736
1234625582
1234622469
1235082868
1235081865
1235080622
1234620090
1235071582
1234618310
1234929384
1235079497
1234624040
1235323844
1235076840
1235078414
1235082096
1235075862
1234928953
1235201854
2000140133
1234623271
1235076555
1235075480
1235078277
1234622180
1234620034
1234928048
1235072068
1235077074
1235074735
1234626241
1234618747
1234626969
1234933269
1235078137
1234618827
1234622145
1235082384
1235078565
1235082849
1234618743
1235071492
1234625994
1235078644
1234622432
1235081722
1234625321
1234622458
1234623483
1234618293
1235081464
1234619926
1235196317
1235071858
1235081066
1234623901
1235073266
1235074107
2000107887
1234622838
1235080373
1235074102
1235078197
1234622767
1235323753
1234625539
1234623682
1235074029
1235077660
1234932461
1234623515
1234623364
1234626052
1235072380
1235078473
1235323583
1235079413
1235076770
1235073012
1235323845
1235072993
1235323874
1234623365
1235082739
1234622443
1235079259
1235078297
1234619356
1234618566
1235073987
1235081913
2000115146
1235079654
1235242758
1235077587
1235082561
1234870378
1234620879
1234623385
1235324003
1234931233
1235080141
1234621044
1234626003
1234928107
1235080540
2000166517
1235077733
1235071543
1234618789
1234620654
1235164448
1234618946
1234623601
1234620850
1235075506
1234622278
1234624835
1234619015
1235073586
2000118143
1235073592
1235079544
1235079937
1235071253
1235075236
1234620191
1235079916
2000201139
1235082235
1235074101
2000195085
1234621426
1235082288
1234621433
1234625172
1235073544
1234625126
2000203134
1234620390
1234926960
1235199205
1234929068
1235079082
1234620029
1234620949
1234623046
1235074127
2000204864
1235073519
1235070910
1235075196
1234622729
1234625310
1235242352
1234623439
1235080334
1235077711
1235075687
1235071660
1234928950
1235323570
1235072458
1235074507
1235071260
1234619896
1235082182
1234624773
1234626314
1235074046
1234618383
1235073258
1234931235
1235073858
1235071671
1235081866
1234621215
1235256886
1235073666
1234623532
1235078978
1235076540
1235082741
1235082848
1235075043
1234928739
1235080372
2000201134
1235323866
1234618659
1234618621
1234618597
1235072990
1234620801
1235071684
1234620028
1234624735
1235072165
1234625748
1235070977
1234929447
1235324071
1234928991
1235077648
2000185491
1235071012
1234623480
1234928105
1235080142
1235078624
1235075575
1235082303
1235075514
1234621370
1235082372
1235079405
1234626343
1235077875
1234618520
1234621397
1234620291
1235074861
1235323752
1234620614
1234930033
2000201165
1235082097
1234625767
2000187773
1234619648
1235323697
1235073508
1234928738
1235082188
1235080133
1235196888
1234930189
1234620599
1234625311
1234623627
1234932005
1235074551
1235073504
1234619621
1234622712
1234932375
1234619252
1235078876
1235078982
1235078515
1235079202
1234621422
1235072640
1234931329
1235080675
1234625848
1234622375
1235079725
1235071745
1234619675
1234626568
1234623552
1235080134
1235075889
1235187703
1234624945
1234621244
1235078427
1234619174
1234620905
1235082108
1235077717
1235079650
1234618703
1234622886
1234623595
1234625739
1234623885
1235081942
1234623660
1234623465
1235074870
1234620755
1234620624
2000139460
1234931983
1234928021
1235076415
1235074522
1234622927
1234619921
1234622219
1234625973
1234618763
1235082179
1234621055
1235078739
1234623516
1235079001
1235081280
1235076843
1235071378
1234623466
1234622485
1234618949
1235074098
2000109967
1235077886
2000032363
1235075983
1235324060
1234622888
1234932348
1234618240
1234626928
1234931795
1235187741
1234623756
1234626065
1234619024
1235082617
1234626301
1235073206
1235075483
1234620219
1235079033
1234621584
1235078475
1235081676
1234620750
1235071991
1234621296
1234626318
1234619526
1234624055
1235071919
1234929860
1235324091
1234618974
1235079409
1234622472
1234927136
1234619430
1234621231
1234931924
1235073510
1234928977
1234930316
1234928004
1234620984
1235188951
1234620608
1234928017
1235071876
1234625128
1234622369
1235078607
1235070904
1234619372
1235075537
1234932940
1234931687
1235080707
1235324025
1234619737
1234931987
1235071669
1235079292
1234622223
1234621011
1234619277
1234621049
1234928636
2000187397
1235078479
1235071845
1234620361
1234625358
1235082513
1234618972
1235079218
1235256918
1234618964
1234618729
1235074844
1234625653
1234623525
1234626925
1235079571
2000114926
1234622934
1234622374
1234932313
1234618333
1235195290
1235080672
1234621001
1235080518
1234620751
1235073106
1234928409
1235082167
1235080618
1235257223
1235080631
1235082234
1235323913
1234930367
1235073820
1234619312
1234618526
1234623988
1235076764
1235074019
1235078782
1234618963
2000201105
1235074937
1234620264
1234623573
1235078855
1235076438
1234625556
1234929704
1235078843
1234621411
1234619123
1235072176
1234625361
1235077941
1234625318
1234620609
1234931791
1235075678
1235072846
1234933224
1235242351
1235071410
1235075288
1235080371
1235071716
1235079638
1234930443
1235073908
1234621647
1235081695
1235081838
1234626988
1234620939
1234620867
1234627128
1235195730
1234931982
1235200637
1235242185
1235072371
1235240032
1235081837
1235075215
1235074089
1235079750
1235072679
1235075590
1234619558
1234625782
2000109981
1235071575
1235082354
1235077847
1234626359
1235080411
1235078957
1235072708
1234624502
1234620018
1235079918
1235078652
2000097999
1234620507
1235242345
1235078484
1234625292
1234619344
2000118606
1234623505
1235081696
1235163275
1234619232
1234623904
1235072166
1234931922
1234622480
1234626858
1234926541
1234623503
1234626129
1235076616
1234933246
1234619098
1235082812
1235072230
1234621218
1234621225
1234929470
1235074884
2000192381
1234620638
1235078659
1234929519
1235071847
1234619849
1235078469
1235080713
1235079558
1234619066
1234928938
1234623470
1234625145
1235200288
1235071389
1234620089
1235079449
1235078508
1234627087
1235187697
1234620260
1235075484
1235080107
1235076556
1234620268
1235196918
1234624050
1235076620
1234932946
1234618250
1235075890
1235072153
1234618329
1235076576
1234625587
1235200297
1235073008
1234622130
1235075213
1234619014
1234627111
1234618436
1235082512
1234620159
1235081533
1235079853
2000201138
1234618284
1235072461
1234625741
1234621054
1235074173
1234622683
2000187398
1234931239
1235071525
1234624169
1234619099
1235077520
2000201156
1235077005
1234621089
1234625804
1234621402
1235071483
1235199174
1234619579
1235074159
1235082648
1234618598
1234623428
1234931241
1234626361
1235078898
1234625921
1235081943
1235189527
1234622190
1235078421
1234625717
1235079207
1234619318
1235078488
1235078528
1234928411
1234618799
1235194203
1235196505
1235196556
1234619214
1234620014
1235071152
1235257233
1234931316
1235323625
1235078945
1234929441
1235073142
1234620527
1235072225
1234625783
1234932941
1235080592
1234619934
1235194843
1234929440
1234931990
1235198581
1235075050
1235072610
1235073100
1234624090
1235072714
1234619587
1234620065
1234930032
1234620032
1235081759
1235077729
1235196648
1234621259
1235082765
1234619147
1235072476
1235073969
1234623348
2000110279
1234620334
1235324059
1235081867
1234620273
1234932962
1234626189
1234626163
1235082867
1234626121
1235081836
1235078943
1234931616
1234619998
1235071869
1234929993
2000110254
1235242192
2000115138
1235072617
1234621393
1235073268
2000102647
1235072207
1235081716
1234622686
1235079302
1234622529
1234618738
1234622865
2000196060
1234621295
1234620319
1235073299
1235324140
1234622155
1235082312
1234619544
1234626958
1234931681
1234619160
1234622867
1234928990
1234624938
1235080546
1234625679
1234623823
1235078422
1235071664
1234619708
1235078138
1234622395
1235074170
1235076583
1234928947
1234622873
1235082720
1235074713
1235196683
1234622613
1235073163
1234620077
1234623065
1235082218
1235324016
1235073789
1234933228
1235078877
1235324143
1235080342
1234621208
1234627030
1234625382
1234626931
1234621239
1235078637
1234618285
1234619206
1235242347
1234627025
1235202792
1235076832
1234621276
1235080555
1234625228
1234619228
1234931988
1234622600
1234931238
1234624937
1235072693
1235079746
1234624895
1235073330
1235323599
1234626132
1235073284
1234626463
1235071134
1234626920
1234933239
1234624035
1234625154
1235077659
1235080543
1234928441
1235079303
1235077272
1234932381
1234930275
1235072184
1235078995
1234932884
1234619347
1235071072
1235082799
1235076806
1235074731
1235075655
1234623586
1234618725
1235075569
1234623908
1234620762
1235323986
1234931593
1234620712
1234622808
1234622805
1234625320
1234623816
1235073505
1234619195
1235073553
1234623471
2000201126
1234627032
1234618323
1234623812
1235071403
1235071890
1235079627
1234622908
1235082169
1235079536
1234620499
1235198552
1235073005
1235079305
1235195652
1235073897
1235324017
1235163097
1234619700
1235074996
1235082198
1234626919
1235198563
1235078538
1234619602
1235071458
