2000118588
1235102515
1235142605
1235256235
1235217810
1234859442
1235110057
1235219272
1235153790
2000106743
1235131569
1234859225
1235166045
1234834977
2000086794
1234836030
2000084163
1234798164
1234882907
1235107361
1235130572
2000098985
1234807866
1235105418
1235143589
1235120940
1235234555
1235129054
1235106277
1235131948
1235165623
1235145390
2000085344
1235170743
2000087750
1235216987
1234825426
2000080551
1234856359
1235152534
2000079721
1235236116
1235146388
1235253465
2000080128
1235111851
2000198153
1235211744
1235163441
1235137753
1234883033
1234859464
1234827493
2000204461
1235119459
2000188723
1235148927
2000212608
2000197290
1235158079
1234931911
1234836414
1234846660
1234932756
1235143634
2000155496
1235134684
1235168948
2000114350
2000088921
1235121415
1235466248
1234930171
2000085661
1235153584
1235167768
2000197277
2000080009
1235144083
1235140049
1235198100
2000138586
1235114664
1235130533
1235148286
1234931507
1235237088
1235164881
1234787605
1234931712
2000215491
1235318813
2000105874
1235246901
2000118878
1234931706
1234807569
1234792141
2000201175
1234799805
1235238075
1235144469
1235133681
2000088663
1235115889
2000077130
2000083259
1235236077
1234849179
2000098980
1234798813
1235116275
1234855607
1235165779
1235209278
2000085975
2000138097
2000114395
1235140657
1234930172
1235168778
1235460204
1235119655
1235145377
1234858912
1234835439
1235126083
2000204858
2000210698
2000106946
1235235126
2000138181
1234852944
1235210258
1235128782
1235137485
1235169243
1235114094
2000199712
1235152110
1235149900
1234848594
1235129005
1235211926
1235158058
1234852764
1235149941
2000114496
1235148119
1234847365
2000107049
2000105168
2000080355
1235146492
1235133182
1235142843
1235464516
1234796077
2000089949
1235247228
1234785976
1234884144
1235129286
1234799842
2000074827
1235240233
2000074403
1235133282
1235318908
1234970337
1235163513
1235117030
1235238496
1235248125
1235240692
2000114824
1235168200
1235121409
2000115406
1234783329
2000083408
2000082230
1235172324
2000118336
1235117855
2000115394
1235459758
1235117696
1235170136
1235144447
2000118868
1235169347
1235110076
1235149074
1234930301
1234854931
1235210715
1235116470
1234789326
2000107459
1235147027
2000089833
1234848832
1234826828
1235142046
1235167528
1235170730
2000119045
2000138163
2000090705
2000088986
2000090491
2000201009
1234810146
1235106243
1235128991
1235168364
1234843020
2000079992
1235171812
1235132015
1234884638
1234835694
1235211370
1235117718
1235240334
1235322783
1235156459
1235108311
1235147543
1234800245
1235152488
1235148750
1235247212
1235157682
1235144704
1235114698
1235214970
1234835822
1234931766
1234791297
1235155860
1234929617
1235236451
2000106267
1234929540
2000064867
1235125746
1235253656
2000080636
1234855828
1235234968
2000216234
2000075452
2000118855
2000198234
2000079050
1235170538
1235253611
1235222872
1234795727
1234931837
1234781385
1235235394
1234858460
1235248466
1235131090
2000090201
2000168364
1235166406
2000077061
1235119309
1235255096
1234824432
1235116045
1234853055
1235247075
2000107141
2000181063
1234929655
1234797465
2000119102
1235223019
1235466107
1235132449
1235251960
1234882686
1235240856
1234933103
2000082936
1235109529
2000200872
1234813408
1234884540
2000197625
1234818659
1235116083
1235169151
1235238005
1234786869
1235256243
1235104853
2000214357
1235234710
1234798016
1235121423
2000083031
1234846260
1235119710
1235119848
2000106553
1235326621
1235169576
1234932851
1234849325
1234843617
1235254830
2000076418
2000074237
1235146165
1235120564
1235140139
1235172134
1235129368
2000107041
1234854232
1235200901
1235154113
1235154560
1234790175
1235105433
2000086371
1235255494
2000075715
2000119096
2000080202
1234929499
1235153523
1235114879
1234883090
1235167663
1235144383
2000082903
1234798734
1235118649
1234858911
1235103964
2000105553
2000200475
1234827377
2000138179
1235237110
1234814641
2000106578
2000212687
1235166772
1234796170
1235147544
1235168421
2000214336
1234860045
2000195256
1235166700
1235129233
1234822429
1235130931
1235119288
1235119084
1235211520
1235122733
2000094826
2000082557
1235165671
1235134248
1235127288
2000114032
1235238465
1235180338
1235173997
1235105552
2000089960
2000081866
1235250373
1235119116
2000118426
1234848802
1235103976
1234822421
2000198570
1235131230
1235156805
2000074992
1235240822
1234797399
1234884732
1235165193
1235166717
1235238646
1235115948
1234835090
2000084093
1234776816
1235255429
1235131443
1235239932
2000090273
1234855152
1235152396
1235138479
2000181414
1235253462
2000138216
1235124953
1235251973
1235155496
2000198662
1235255887
2000090055
1235110409
1235251367
2000074881
1235135064
1235145305
1235465007
1235140241
1235172492
1235157040
1234844819
2000215773
1235120929
1235238546
1235168013
2000081125
2000198565
1235145888
1235127183
1235106293
2000100052
2000085424
1234881484
1234859133
1235235495
1234836443
1234781403
1235173675
1234814220
1234882396
1235252744
1235187416
1235197618
1235126650
1235146778
1235156908
1235243997
1234794833
1235147844
1235133466
2000062653
1235154403
1235237696
1235255941
1234856599
1234846715
1235464104
1234816797
1235169122
1235218907
1234969193
1235169287
1235169747
1234853147
1235144780
1234835083
2000113800
2000081127
1235181305
1234848306
2000197888
1235125292
1235121884
1235465803
1235460695
1234848571
2000107700
1235246998
1235158763
1235120554
1234797543
1235104929
1235133026
2000198501
1234883605
1234883166
1234884722
1235111089
1235149624
1234854466
1234796942
2000215173
1235136324
