1234678047
1234707272
1234569472
2000144324
1235012815
1234630035
1235149369
1234979207
1234711390
1234973584
1234640007
1235146794
1235030543
1235281575
2000069940
2000087424
1234621631
1234668357
2000081734
1235017402
1235019466
1234979013
1234579251
1234882871
1235450352
1234578127
1234721995
1234841179
2000106292
1234707735
1235001096
2000071689
2000064783
1234576015
2000067004
1235032825
1235032378
2000107082
1235154201
2000215227
1234641256
1235316496
1235314790
1235028702
1234982307
1235292318
1235145780
1235155255
1235253604
1234988948
1234676458
1235302504
1235450307
2000189720
1234681187
1235168095
1234705016
1234681632
1235142504
1235073226
1235283953
1234589114
1234635176
1234984506
2000148359
2000151744
1235017741
2000065285
1235043315
1235121163
1234818811
2000074560
2000132952
1234621051
1234677169
1235116876
1235257972
2000216855
2000111107
1235120052
1235452956
2000119258
1234650286
1234852611
1235037270
1234689183
1235133407
1235311665
2000137572
1235002088
1234696671
1234854341
2000189015
2000105163
1235153325
1235125537
1235486516
1234663568
1235073754
2000145166
1235316028
1235141548
1235451609
1234650674
1234639493
1234602859
1234625088
1234629912
1234798812
2000082400
1235015625
1235012382
1234931752
1234644856
1235043145
1235154159
1234810903
1234707858
2000198560
1234658021
1235213419
1235036609
2000107191
1234711087
1234585800
1234636776
1234883132
1235076526
1235019326
1234654773
2000083741
1235105727
1234711028
1234978391
1235287332
1234583452
1234844768
1234975501
1235317059
1234655257
1235013180
2000147583
1235033050
1235305247
1234658490
1234715686
1235455522
2000032609
1235022642
1235292006
2000127839
1234666671
1235314862
1235144546
1234618954
2000167511
2000196044
1234798962
1235002947
1235030648
1235023627
1234716759
1234703353
1234579225
1234645498
2000081103
1234664525
1235021306
1234590326
1234722379
1235157974
1234586548
2000216347
1235103193
2000131060
1234978487
1234971930
1234995649
2000118959
1235014357
2000180886
2000122033
1235108055
1234663245
1234794533
1234661971
2000216678
2000134542
1235310784
1235314781
1234582696
2000089443
1235308141
1234669825
1235016344
1235008582
2000145070
1234598938
1234829418
2000073773
1235466292
1235027657
1235440429
1235447275
1234712584
1234641634
1234598411
2000190730
1235314839
2000068725
1235131303
1235299416
2000146020
1235148941
1234621321
1235447980
1234663943
2000074056
1235311508
1234633605
1235173165
1235470493
1235311806
1234620890
2000124664
1234583265
1235235603
1235257443
1235108604
1235139746
1234692157
2000062838
2000114919
1235304218
1234588284
1234692859
1235021668
1235472173
1234715505
1235323992
1234695525
1234977409
1234680327
1235464633
2000099966
1234718130
1235024257
1234719555
1235454012
2000196440
1234635783
2000067888
1234581503
1235292582
1234983724
2000132077
1234795696
1235294485
1235297988
1235165137
1235291243
2000081771
2000062811
1235120415
1234596281
1235457201
1235316752
1235305704
1234717464
2000128724
1234835869
2000113543
1234988693
1235081540
1234827550
1234816687
1235016176
1234637956
1235283100
1235035757
1234711407
1234709037
1235248065
2000125156
2000189562
1234712833
1234984815
1234767917
1234969087
1235303125
2000066695
1234642872
1235307860
1235105299
1235285196
1234644150
1234717088
2000219070
1234799995
1235295578
1234997186
1235296667
1235003882
1235129150
1235284170
1234989123
2000074043
1235006215
1234794911
1234856405
1235305197
1235441080
1234644772
1235027419
1234722178
1234653408
1234981539
2000073910
1234835645
1234629174
1235036801
2000115532
1235284827
1235255692
1234646336
1235006608
1235461911
2000218536
1235283929
1234574648
1235012830
1234985534
1234582398
2000216920
1235292009
1234659256
1234847194
1235286677
1235016402
1235026133
1235010951
1235032215
2000151707
1234669541
1235112530
1234660742
1235252484
1234999896
1234979875
1234591930
1234633437
1234982536
2000151882
1234584571
1234694409
2000066432
1235012561
1235183109
1234592672
1235116231
1234645528
1235113738
1234826694
1235075244
1234717238
2000130598
1234646137
1234670284
1234624009
1234999903
2000191406
1234660828
1235296791
1234571151
2000211775
1234588373
1234717686
1235201039
1234694494
1234674375
2000070625
1235217105
1235306307
1235138774
1234682078
2000125375
1235042813
1234651911
1234696838
1235323073
1235453107
1234681502
1234694219
2000090832
1234688766
2000063676
2000077175
2000129925
1235457970
1234986315
1235146646
1234623884
1235132591
1234684872
1235008375
1234569452
1235147062
1234580746
1234716495
1234979801
2000201645
1235078396
2000066742
1234569521
2000121253
1234996198
2000132661
1235104414
1234606122
1235016274
1234590616
1235461083
2000114351
1235299529
1234635952
1234710411
1234631514
1234927108
1235027972
1234698815
2000129268
1235300188
1235465763
1234695571
1234795719
2000068706
1234604359
1234701386
1235025351
1234798782
1234597240
1235131441
2000111382
2000121347
1234660440
1234600435
1234619284
1234667201
1235295239
2000144956
1234804668
2000084391
1234690419
1234987329
1235298661
1235169721
2000218118
1234628364
1235298679
1234586395
1235289506
1235015755
1234692102
1235301489
1235440102
1234591121
1234985505
1234709751
1234628389
2000081613
1234596076
1235141348
2000152767
1234578215
1235106212
1234672519
2000121439
1234710611
2000069517
1235299472
1235011677
1234696934
1234641307
1235008646
1235299592
1234848624
2000199954
1234843494
1234788107
1234692145
1234723575
1234709359
1234697521
1234689845
1235298342
1235025408
2000125639
2000032781
2000190373
1234711813
1235110861
1234644972
1234979603
1235120186
1235295801
1235030194
1235284920
1234698968
1234638345
1235076606
1234606917
1234990687
1234847865
2000147296
1234697100
2000147514
1234594826
1234642048
1234979860
1234705071
2000137765
2000187185
1235236352
1234622606
1235072615
1234721348
2000147469
2000124673
1234597774
1235139710
1234700025
1235148642
1235145831
2000148177
2000135049
1234685155
2000112879
1234975356
1234991445
2000213860
1234708918
1235307542
2000070453
1235284347
2000084900
1234979251
2000216371
1235283717
1234666368
1235079010
2000072410
1234569923
2000149541
2000085555
2000146400
1235446597
1235308790
1234648408
2000070928
1234633981
1235010069
1234677796
1235257826
2000133516
1234625072
1234575069
1235311844
1235288995
1235289181
1235122498
1234570418
1234631300
1235079679
2000086093
1234594151
1235019297
2000151354
1234695065
2000075266
1235429819
1235034306
1235007155
1234681042
1235009441
1235020108
1235153013
1234835501
1234723036
1235237123
1235304971
1235293275
1234640505
1235112552
1234722644
1234676910
1235302583
1234696117
1234581784
2000145972
2000129585
2000122870
1235311836
1235297265
1235293028
1235457637
1235000336
2000137124
1235248651
1234709028
1235005580
1235154746
1234604402
1234627167
1235135679
1234693705
2000005235
1235082195
2000213130
1235290826
2000216783
1234717360
1234574095
1234649773
2000147070
1235247686
1234625926
1234649407
1234808200
1234583954
2000086099
1234703162
1235073117
1234672702
1235258253
1234986857
1235115679
1235314239
2000117652
1234667292
1234722967
2000067870
1235317100
1234986706
2000192334
1234638824
1234633893
2000190429
1234710028
1235159259
1234642674
1234662501
1234645418
1235032406
1234629629
1234984060
1235451623
1235299136
1235078580
1234703879
1235311739
1234982250
1235027444
2000119781
1235164574
1235007630
1234661546
1235307580
1235313984
1235446657
1234594642
1234695680
1235145128
1235446705
1235301603
1234568811
1234982549
2000131754
1235450946
1235081778
1235139088
1234584820
1234722011
1234587887
1234589232
1235012445
1235153829
1235308660
1235036878
1234689590
1235251495
1234979263
1235015827
1234998241
1234699634
1234694280
2000080873
1234641166
1235309820
2000214369
2000192190
1235000398
1234675245
1235014063
1235010442
1235012735
2000025231
2000190071
1234681652
1234854129
1234836666
1234650139
2000152204
2000218711
1235139072
1234710803
1235035541
2000065107
1235133712
1235302164
1235452659
1234572824
1234672486
2000128746
1235295448
1234603644
1234656042
1235034758
1234650013
1234589881
1234720670
1235454288
1234691222
1234636941
1234979415
1234989663
1234818797
1234589164
1235320210
1234663373
1235312131
1234635660
1234590501
1235103313
1234665757
1235255361
1234644778
1235033901
1235078411
1235286309
1235286915
1235162787
2000190163
1235043047
2000115852
1234661551
1235139579
1235153946
1234664875
1234672990
1235471376
1235471893
1235456777
2000127944
1235078682
2000082277
1234681939
2000199900
1235016297
1235319334
1235118924
1234632951
2000187266
1235256882
1234699927
1235165074
1234691259
1235028325
1235191877
1234631901
1234795903
1235011173
1235025598
1234637306
1235149258
1235147647
1235162393
2000123127
1235446649
2000188915
1234602120
1234581906
1235295755
1234654673
1235298666
1235032954
1235158639
1235303258
1234696070
1235451205
1235439698
1234701439
1234689615
1234639664
1235446625
1235146166
1234972078
1234647960
2000079099
2000200982
1235296401
1234976952
2000126957
1235453645
1235113404
1235235922
1235447521
1234883211
1234688226
1235020555
1235311164
2000112231
1235000927
1234643521
1234630280
1234836065
1235041261
2000215775
1234638788
1235006633
1235123448
1234597957
1235449312
1234716327
1235303062
1235456221
2000111448
1235221726
1235127187
1235308453
1234694646
1234682159
1234577033
1234620786
1234605490
1234664124
1235153005
1234598103
2000136963
1234792148
1235461066
1235024325
1234663243
2000070239
2000124858
1234588907
1235082201
1234705608
1235484606
1234717137
1235108475
1235015012
1234803009
1235007312
1234655398
1235144111
1235309079
1235297145
1235115822
1235105218
1234677640
1234586285
1234716784
2000065198
1234674460
1234649847
1234689057
1234670319
1234675288
1234706744
1235470871
2000080384
1235140690
1235149681
1234669679
1234653069
1234849094
1234999470
1234682369
1234667788
2000212919
1234930822
1235281281
2000066834
1234691108
1235170672
1234603616
1234606994
2000073772
1234926365
1234655445
1234687695
2000129490
1234696877
1234601672
1234629697
1235014510
1234635756
1234626374
1235024812
1234644002
1234807310
1234601930
1234669100
1235081713
2000073847
1235013782
1234681985
1234574919
1234589338
1234644756
1235253527
1234607172
2000198043
1234685894
2000119743
1234999157
2000065170
1234581253
2000129580
2000214316
1234594710
1235167995
1234590177
2000078514
1234621041
1234668042
2000191658
1234585758
1235211908
1235007551
1235026546
1234687892
1235012691
1234883535
1235242178
1235450916
1234604424
1235300085
1235464369
1234980532
1234711634
2000147796
1235291539
1235071387
1235017201
1234633946
2000151342
1235464520
1235010661
1234988207
2000106663
1234576755
1234699063
1234674911
1235025043
2000188948
1235111937
1235285564
1234606880
2000149857
2000113910
1234986251
1235312167
1235168942
1235248355
1235304534
1235319954
1235257224
1234605666
1234703156
2000129516
1234648502
1235147303
1234629075
1235256998
1234655968
1234597503
2000151278
2000077912
1234641131
1234718032
1234668514
1235250772
1234574306
1235240787
1234712560
1235448440
1234627172
1234977551
1235028585
1234682266
1234883648
1234659304
1234704033
1234604274
1234911799
2000071446
1234807798
1235234351
1235009033
1234716679
1234662096
1235022387
1235131625
1234699457
1234604961
1234716889
1235014495
2000127757
1234933374
1234969221
1234791377
1235166096
1235014134
1234585543
2000204308
2000085158
2000062743
1234973222
1234587688
2000078266
1235255481
1234911748
1234930432
2000191090
1235238490
2000073520
1235429442
1234598531
1235300330
1234970917
1234998039
1234572586
1234869400
1235189263
1235443198
2000213863
1234715852
1234675972
1234712557
1234972672
1234976016
1234670505
1235250013
1234592794
1234706739
1235019456
2000118480
1235214511
2000129095
2000217540
1234995684
1235016556
1234597231
1234684320
2000119985
2000185695
2000129903
2000132344
1235161767
2000147556
1234995948
2000188348
1235447875
1234980855
1234718239
1234672553
1235012001
1234639871
2000132317
1234623066
2000073051
2000115234
1235288971
1234975181
1235012995
2000081339
1234665450
1234674194
1234844959
2000189007
1235450475
1234631535
1234655073
1234859731
2000145118
1234882903
1234666024
2000114692
1235167749
2000114373
2000088549
1234581767
2000111474
1235158770
1235155148
2000084858
1234722029
1235132290
1235455308
2000207711
1234576555
1234848239
1234656706
2000133895
2000210770
1234884063
1234836365
1234722775
2000166777
1234599794
1234686485
1234853972
1234591992
2000082653
1234813939
1235257893
1235004556
1235455509
1234810544
1234638581
1235031055
1234651561
1234629286
1235137123
1235034554
2000072214
1234673458
1235479534
2000213658
2000213006
1234629513
1234581898
1234571589
1235460158
1234690959
1235196678
1234987044
1235002361
1234858807
1234705807
1235040764
1235454165
1234993284
1235018864
1235071187
2000131734
2000144188
1234656518
1234768147
1235299589
1235448557
1235451537
2000116095
1235167240
1234662631
1234971572
2000115010
1234571505
1235454855
1235315005
1234705418
1235429679
1235486393
1234662445
2000111184
2000130283
1235037361
1234701871
1234688826
1235447231
1234676855
1235309098
1235150804
1234697771
1235287342
1235289471
2000062620
1234651992
1234970034
1235289458
1234856089
2000077558
2000114682
1234659905
2000094816
1235017498
1234673284
1235429930
1234642211
1234636864
2000105521
1234585425
2000146941
2000213782
1234721890
2000126943
1235484612
1234573912
1234668414
1234716030
1234998257
1235008936
1235302094
2000068201
1234983682
1234634144
1235018571
1235168484
1234653347
1235171797
1235316091
1234649091
1234634506
1234675158
1234627004
1234930081
1234636160
1234693830
2000151501
1234587794
1235298493
2000152235
1235304774
1234628920
1234704224
1234649677
1235281377
2000189551
1235215770
1234691818
1234718920
1234699229
1235081771
1235004045
1235439121
1234697570
1234995753
1235010699
1235298650
2000151191
1235041044
1234651617
1234770444
1234601259
1235451929
1234580732
1235294819
1234693544
1235025968
1234708779
1234597853
1235025592
1234983018
2000085932
2000088016
1234835143
1234635998
1234581661
1235026418
1234599789
1235112690
1235215992
1235004619
1234636606
1235297377
2000066778
1234703005
1234679312
1235281480
1235459800
1234713226
1234981013
1235005716
1234702424
1234622813
1235314948
1235145843
1234702980
1234990507
1234883697
2000130484
1234855000
1234592800
1234662617
1234835656
2000129376
1235022178
1235072752
2000149723
1234677446
1234625362
2000111513
1235319300
1234710458
1234973093
1235106431
1234597413
1235017356
1235479874
1235307723
1235313281
1234709343
1234636997
1235140631
1234983693
1234637379
1235173977
2000112520
1235016457
2000166970
1234688061
2000114825
1234796403
1234599648
2000217471
1234644000
1234993206
1234666796
1235306086
1234703718
2000065809
1234657420
1235013082
1235308162
1234598574
1234626451
1234637474
1234636405
1234598049
1234710934
1234986312
2000208372
1235314148
2000149231
1234641699
2000032162
1235284760
2000133708
1234692982
1234583321
1235238462
1234583542
1235078906
2000067027
1234701627
1234599769
1235155060
1235164877
1234696216
1235153739
1235010895
1235103991
2000077486
1234688867
1234577271
2000214988
1234595327
1235452336
1234700432
2000144467
1234590233
1235255847
1234668791
1234702392
2000088553
1235117115
2000073389
1235464975
1234575423
1234678292
2000149304
2000203109
1234988216
1234634201
1234999237
2000201775
1234639158
2000216702
2000203224
1234641704
1235316460
1235124084
1235294926
1235452041
1234798767
1235081677
1234989519
1235446360
1234659231
1234980528
1235441067
1234649317
1235015934
1235294097
1234846353
1234986298
1235453845
1235303899
1234979333
1235456102
2000207664
1234979638
1234810894
1234980452
1234597878
1235146173
1235020322
1235138044
2000079962
1235126359
1234582316
1234651051
1234972393
2000132269
1235040528
2000112418
1234679304
1235296205
1234652833
1234720599
2000065425
2000092651
1235296651
1234676284
2000130018
1234695814
1235119416
1234678654
1235300870
1234648189
1234998379
1234700591
1235447199
1234634823
1234622719
1234576453
2000134737
2000077782
1234882805
1235284372
1235013512
1235297235
1234993966
2000146323
1234717484
1235166087
1235010311
2000134752
1234985884
1235447229
1235291613
1234672239
1234645587
1235302532
1234974725
1235011816
1234686926
2000084564
1235464785
1235148554
1235440051
1234968996
1235291076
1235030801
1235311731
2000217965
1235026665
1234631531
1235164193
1234712554
1234633706
1234711609
1235009970
1235128406
1234624048
1234659493
1234654107
1235168415
1235116539
1235003756
1234857702
2000149507
2000145651
1235471154
1235247077
1234930612
1235315961
2000075639
1235020035
1235037284
1234696710
2000132399
1235220349
1235000664
1235129153
2000121250
1235243612
1235011367
1235147750
1234722632
1234847917
1234722987
1234705650
1235456358
2000080661
1234846968
1235313593
2000069926
1234858841
1234708360
1235295247
1235024392
1234666169
1235166029
1234702454
1235254975
1235162225
1234585404
1235440568
1235444872
1234653741
2000118151
1235455720
1234859281
2000111719
2000145362
1234992402
1235214219
2000135122
2000072900
1234720967
1235303091
2000212987
1234643491
1234977552
1234981753
1235010720
1234690591
1234647276
1234593762
1234603207
1234668814
1234713510
2000085674
1234570770
1234591036
1234687283
1235452704
1235000913
1235319418
1235103392
1234785852
1234592862
1234606159
1234974366
1234635099
1235320219
1234694936
1235132038
1234661681
2000122012
1234669770
1235139296
1234842691
1235479557
1234992244
1234717301
2000152792
1235014704
1235154082
1234990393
1234569194
1235071038
2000083149
1234576910
2000213033
1234663991
1235319007
1235286168
1235162587
1234705006
1234995144
1234642429
1235258083
1234675248
1234999541
2000217250
1235450697
1234630742
1234997806
1234931520
1234638523
1234996328
1234652277
2000075656
2000135060
2000217753
1234713451
2000186215
1234624921
1235073508
1235145980
1234710199
1234930404
2000213837
1235120096
2000063788
1234634698
1234641385
1234618191
1234997189
1234704221
1235151471
2000085177
1235446867
1234984609
1235029523
1234665789
1234971159
1234706373
1234671140
1235112222
1234972502
1234701281
1235166208
1235153523
1234993765
1235021596
1234584870
1234690439
1235041634
1235177631
1234688482
1235042976
1234678146
2000086862
1234644269
1234663169
2000088516
1234582271
1234827551
1235139510
1235122313
1234988034
1234638659
1235292510
2000090981
1234583464
1234598487
1234847267
1234653661
1234582701
1235167237
2000149860
2000121603
1234675320
1234694655
1234688632
1235215643
1235127299
2000217851
1235111522
1234589090
2000152072
1234826909
1235320091
2000144098
1235448175
1234976859
1235023698
1234592851
1235023885
2000144216
1234686553
1234681853
1234587634
1235015523
2000132795
1234852288
1234693938
1234977926
1234969382
1235043016
1234643155
2000218070
1234702647
1235487141
1235454797
1235189910
1234999123
1234600365
1235303726
2000146973
1234698997
1234985822
2000138070
1235187655
1235116031
1235208917
1234686836
1235295877
2000204445
1234574546
1234853810
2000150885
1235283826
1235234529
1235003095
1234577710
1234993423
1235187821
1235238922
1235154481
2000088079
2000112997
1235001530
1234711953
2000123852
1234649766
2000218652
1235300935
2000073799
1235300593
1235168429
1235021998
1235453718
1234685979
1234677936
2000200024
1234707722
1235219495
1234820025
2000216694
1235295594
1234634241
1234583097
1235236394
1234698825
2000120676
1235143991
2000145183
1234986988
1234659283
1235308297
1234701893
1235303312
1234668826
1235025150
2000133410
1234994956
1234990360
1235026104
1235204085
1235290841
1234588716
1235158240
1234929727
2000023018
2000072375
1235286449
1235013757
1234711330
1235302203
1234821450
1234662478
1235312271
1234634835
1234601690
1235152342
1234578960
1234577761
1234603153
2000185772
1234685940
1235012074
2000073875
1234634618
1234976366
1234587938
1235154314
1234587786
1234708084
1234693091
1235119848
1234664253
1234640567
1235155482
1235242473
1234987261
1235310086
1235136293
1235479177
2000144185
2000118230
2000114272
1234680445
1234694548
1234592144
1234715880
1234698082
1234663602
1235309338
1235082164
1234711540
2000199653
1234859048
2000131952
1234796920
1234810892
1235006966
1234994916
1234579290
1235025062
1234847971
2000099185
1234701611
2000129930
2000147651
2000207763
1235020119
1234995851
1235006316
1235043005
1235464998
1234714827
1234710131
1234995152
2000072287
1234973802
2000131666
1235008276
1234974000
2000192396
1235451633
1235212174
2000077849
1235457087
1234988304
1235296556
1235248505
1235240115
1235016708
1235257765
1234701432
1235039888
1234661656
1234592728
1235454115
1235021115
1234697528
1234574820
1234587736
1234827160
1235316027
1235315408
1235313573
2000151562
1234711317
1234676092
1235037452
1235018343
1234653398
1234677048
2000190789
1234714249
1234977676
1235450426
1234574280
1234657652
1234603486
1235235246
1234588845
1235171246
1234803394
1234644547
1234932474
1234685326
1234994602
2000217682
1235292281
1234663291
1234692799
1234994199
1235287091
1235041096
2000144136
1235439177
1234686601
1234653156
1235452696
1234580316
2000164343
1235130197
1234699411
1235452205
2000122173
2000100961
1234720551
1235171045
1234647963
1235038259
1234992657
2000067778
1234591515
2000075916
1234989597
1235236014
1234718543
1234930455
1234718879
1234623349
1235007613
1235301018
1234648678
1235314606
1234671937
1235041782
2000068298
1234569079
1234854636
1234581494
1234977716
2000135449
1235017897
1234705289
1235455594
1234626847
1234586214
2000148759
1234672862
1234658259
1235310786
1234642690
1235076760
1234975161
1234692166
1234977945
1235247396
2000133258
1235314488
2000137698
1235174285
1234630174
1234996621
1234710136
1235307412
1235149942
1234854307
1234668126
1235309586
1234722213
1235123384
1234694250
1235446848
1235110590
1234581519
1234583084
1234981561
1235128470
2000070489
1234638389
2000131793
1234859157
1235025997
1234666301
1235485355
1235296959
1235008110
1235209336
1234677651
2000074408
1234700147
1234580645
1234854344
1235286699
1235211652
1234659382
1234980109
1234685074
1235304326
1235429784
1235131327
1235308920
1234859886
1235312176
2000088658
1235116314
1235257758
1235315707
