1235023029
1235026585
1235002425
1235029103
1235018398
1234999443
1235029453
2000129928
2000126237
1235006990
1235038210
2000121294
1235014122
1235002988
1234995856
1235020856
1234992640
1234988183
2000131778
2000132717
2000122562
1234996315
1235021043
1234999022
1234972189
1234994031
2000122593
1235002810
1234980960
2000122841
1234987267
1234984872
1234992417
1234993561
1235015785
1234973586
2000124554
1235019907
1235019761
1234986531
1234983761
1235039821
2000126514
1235026711
1234971296
1235009922
1235020639
1235033117
1235031274
1234986476
1234985259
2000129098
1235025679
1234971334
1235019938
1235014298
1235038239
1235042769
1235030984
2000128430
1235027387
1234973072
1235004148
1235014648
1235017940
2000120784
1235006182
1234996712
1234977549
1235033518
1235012589
2000133367
1235039465
1235010149
1234989157
1235006891
2000121058
1234988179
1234988560
1234995165
1235004029
1234980301
1235026335
2000121360
1235041374
1235036448
1234992856
1235020254
1235039660
2000133651
1235025356
1234987039
1234974220
2000120545
1234995257
1235040516
1235034949
1234995584
1234990572
1235021035
1235000739
1235020554
1235013644
2000132402
1235027884
1234979049
1235002278
2000127682
1235008877
1235016797
2000126333
1234974127
2000128782
1234991166
1235012144
2000121612
1235010927
1234993232
1234971319
1234995179
1234992588
1235005527
1235017343
1235039556
1235007985
1235001796
1234974689
1235008925
2000124345
1234986915
1234984361
1234975842
1234974973
1234996932
1235014184
1235007223
1235021202
1235002865
1235024694
1235012013
1234993740
1234998249
1234980531
2000124293
1235001807
1234989471
1235001769
2000128226
2000122221
1235028189
1234974792
1235019847
2000133032
1235036849
1234990459
2000127354
1235013930
1234971228
1235042670
1234990559
1234972321
1235009256
1235008849
2000125602
1234994941
1235013696
1235026487
1234983736
1235042001
1235027322
1234991306
1235019871
1235004125
1234982530
1235042289
1234991406
1234981119
1235042009
1234977261
1235022167
1235003630
1234986997
2000126375
1235021177
1235022146
1235003713
1234974433
1234981168
1235006605
2000122933
1235018458
2000130114
1235033971
1235010268
1234992576
1235004263
1234972176
1235003954
1234980670
1235010110
1234984578
1235026063
2000131649
1235019909
1235026662
1235017763
2000126307
2000122387
1235036750
1235013830
1235039979
1235001890
1235034248
1234977301
1235039536
2000192186
1234982274
2000132351
1235027586
2000133193
1234995828
1235020335
1234993154
1235009960
1235030075
1235043303
1235024907
2000121201
1234984445
1234999856
1235020708
1234984931
1235008599
1234990576
1235033107
1234979793
1235042730
1234994933
1235041708
2000131584
1235034185
1235008613
1235018265
1234988992
1235002492
1234982561
1235034219
1235029449
2000121378
1235010567
2000130275
2000127991
1234985943
1235037158
2000121376
1234979862
1235012464
1235027711
1234971647
1234979709
2000121789
2000129930
1235027216
2000133857
1235016853
2000123937
1234994252
1235028156
2000132306
1234996672
2000120135
1234994173
1234995457
1234989359
1234975132
1234997887
1234989617
1235013250
1235039457
2000120771
2000131545
1234979685
1234999310
1235002993
2000130117
1235014781
1234984792
1235043298
1234971554
1234982511
1235001439
1235003990
1234976860
1235008085
1235014663
1235013067
1234979771
1235001145
1235022280
1234987318
1234995358
1234983516
1234992294
1235009020
2000131316
1235041629
2000131985
1235015123
1235012436
2000120813
1235042013
1234989236
1235029851
2000126513
1235008619
1235041478
1234981574
1235020912
1235023820
1235003251
1234973105
2000126828
1234980758
1235019244
1235018303
1234987689
1235026128
2000126117
2000132374
1234980369
1234975155
1234988696
2000192040
1235030172
1235024388
1234974340
2000122467
1235002717
1235006630
1235029421
1235013227
1235036341
2000128733
1234989011
1234991501
1234992155
1235027576
1235011068
1234971106
1235008853
1235000359
2000123890
2000133309
1235017280
1234995870
1234974326
2000124237
2000126395
1234993957
1234997184
1234989407
1234983782
1234979693
1234974986
1235011113
1235033238
1234979606
2000121971
1235032515
1234982432
1235042365
1235032607
1235015641
2000125987
1235026209
1235002973
2000125000
1234976864
2000192315
1234996926
1234991327
1235036204
1234981026
1234979679
1234981084
1235028850
2000125068
1235004272
1235034639
2000192331
1235026995
1235017286
1235031163
1235011895
1235015004
1235038777
1235014509
1235032119
1234985976
1235029022
1235020398
1234978464
1235038541
1234999070
1235004363
1235036775
1234999127
1235009275
1235038605
2000129776
1235021119
1235041127
1234997958
2000129796
1235023444
1234975387
1234985062
1235034649
2000130974
2000120754
1235014337
1235015782
2000128317
1235013474
1235024281
1234995004
1235014667
1234999782
2000132961
1234971841
1235010283
2000133446
1235003223
1235020100
2000133847
1235026893
1234973391
1235021464
2000120470
1234993408
2000128793
1234986029
1235025992
1235004554
1235030565
1234995533
1235033853
1235037895
1234981190
1235006238
2000128080
1234998023
1234991537
2000125941
1235030044
1235008662
1234987383
1235034307
1235029312
2000127057
1234999493
1235012659
2000130518
1235030733
1235042021
1235040942
1234973644
1235042982
1234977430
1235002989
1235027486
1234983517
1234993268
1234976424
1235013600
1235009535
2000131002
1234992118
1234994408
1234988554
1235010742
1234990449
1234982482
1234996213
1235015692
2000125501
2000122031
2000131904
1235034391
2000121810
1235006768
2000122335
1234983444
1235033205
1235020406
1235032615
1235002986
1234979379
2000131222
1234993605
