1235459409
2000077892
2000081060
2000113906
1235217186
2000114408
1235126267
1234930346
1235129450
1235153523
1235152067
1234928849
2000106751
2000202480
1235235813
2000082784
1235143083
1235138222
1235154094
1234883409
1235172220
1235253637
1235110638
1235117155
1235154789
2000200008
1235154605
2000198671
1234843805
1235126991
1235246902
2000165998
1235168552
1235165524
1235169103
1234786806
1234859411
2000107739
2000081170
1235247726
1234855766
1235173344
1234797968
1235104046
1235127363
2000085574
1235114030
1235170679
2000188023
1235154705
1235152821
1234797854
1234844893
1234933462
1235155835
1235117401
2000115599
1235150064
1235122790
1235149618
1235147343
2000074208
2000138301
2000118946
1235253412
2000102915
1234814244
2000089279
1235122359
1235169982
1235133419
2000099441
1235234548
1235121510
1235171585
1235157778
2000086202
1235152104
2000200135
1235131257
1234808170
1235105607
1234847612
2000088436
1235170574
1235154989
1234848076
1235109319
2000076622
2000075524
1235211297
1235164611
1235459608
2000088611
1235168833
1235173035
1235459992
1235133522
1235123881
1235200873
2000211794
1235459323
2000118845
1235162312
1235140376
1235216953
1234853524
1235464731
1234808029
1234848049
2000088401
1235133732
1234932111
1235189174
1235169776
1234811645
1235157439
2000197481
1234856253
1235247713
1235143778
1234794593
1235210249
1235460658
2000214337
1235252618
1235124596
1234882350
1235119126
2000198097
2000085344
1235236210
1235163432
1235135188
1235168823
2000088477
2000074364
1234836068
1235147014
1235255101
1235129482
1235171306
1235168554
1235466115
1234853874
1235213975
2000083950
2000114563
1235238233
2000188798
1235115981
1235105846
1235113401
1235153815
1234969335
1234788675
1234968887
1234798045
1235170714
2000099499
1234807584
1235157158
1235217876
1234855703
1235217022
2000200908
1235168306
1234841836
1235109817
1235136210
1235154500
1235153615
2000063541
1234781086
2000115217
2000102540
1235143415
1235141923
2000084393
2000062679
1235215804
1235104597
1235168906
2000074264
1235170342
1235148459
1235152629
2000078467
2000216221
2000198729
1235251426
1235255365
1235124384
2000091714
1235209523
2000077496
2000204394
1234789332
1235152854
1235121582
2000090290
1234858807
1234835504
1235168657
1235109503
1234852617
1235236494
1235464835
1234883298
1235240667
2000200887
1234855011
2000198941
1235219910
1235213767
1235114282
1235112939
1235226854
1235150552
1235143312
1235233795
2000187057
2000212791
1235123775
1235113001
1235131757
1235171583
2000088783
2000113822
1235318740
2000119625
1235115454
1235235533
1235106129
1234856372
1234831758
1235168607
2000088034
1235238618
2000138197
1234805052
1235217907
2000216227
1235459883
1235223933
1235248045
1235255901
1235464639
1235157294
1235228100
1234823813
2000106425
2000107202
1235200594
1235138365
2000195166
1235165723
1234835895
1235144982
2000197210
1235153750
1235464855
1235171095
1234856806
1235237672
1235124455
2000089917
1235104971
2000115844
2000202968
1235322240
2000188287
2000083132
1235219438
1234969020
1234791278
1235145330
1235170144
1235145202
1235116859
2000210829
1235239510
1235227970
2000074657
2000076236
1235133256
1235151958
1235154431
1235120904
2000192690
2000119114
1235147703
1235151612
1234932659
1234836904
1235226298
1235196015
2000199878
1235174098
2000179365
1235126249
2000106699
1235118669
1235167633
1235171452
1234835012
2000115698
1235148063
1235120100
1235165009
1235121117
1234807546
2000087068
1235148326
1234855194
2000083813
1235145711
2000080508
1235102872
1235124921
1234847283
2000118664
1235158393
1235105907
1234931678
1235233860
2000090557
1235255877
1235122152
2000090593
1235223785
1235157882
2000153032
1234855129
1235153863
1235151044
2000115643
2000091862
1235131335
2000192661
1235235613
1235106681
2000074821
2000083905
1235104645
2000114616
2000202525
2000063988
1235202217
1234932761
2000083810
1235116362
1234842387
1234849196
1235128836
1234810886
1234856510
1235162255
1235114742
2000115657
1235131369
1235148430
1235464588
1235166582
1235235461
1234831759
2000084360
1234848463
2000212829
1234848042
1234771594
2000083453
2000198192
1234855799
1235222445
1235156591
1235168945
2000080686
1235134313
1235470020
1235203181
1234852872
1235172126
1235103677
1234858856
1235145003
1235173840
1235173447
1234856114
1234813918
1234856204
2000201306
1234858387
1234911787
1235120708
1234831827
1235167101
2000090295
1235208677
2000106718
1235145478
1235158511
1235323462
1235462727
1234794542
1235113392
1235148940
1235121478
1235155519
1235121104
2000087622
1234849030
1235256782
1234848834
1235131859
2000197819
1235121011
1235165534
1235242430
1234815823
1234931740
1235128902
1235107311
1234930258
1234854625
1235109052
1234859041
1235118478
1235106955
1235213451
2000063001
1235115635
1235108791
1235166227
1235151036
1234859898
1235256274
1235117227
1234849151
1235120928
2000106335
1234884053
1235235746
1235171505
1235148167
1235212723
1234827156
1235234997
1235119500
1235158445
2000107801
1235164550
1235461931
2000140169
2000114364
2000084138
1235168317
1235149525
1235170021
1234930877
1234859987
1235137140
1235253686
1234776806
2000080806
1235164854
1235123848
2000090085
1235137774
1235168292
2000138199
1235146726
1235178076
1235107860
1235464394
1235151963
1235167093
1234794953
1235152021
1234883947
2000075272
1235113631
1235148627
1235147921
2000076127
1235459415
1235168531
1234884676
1234825240
2000108914
1234782006
1234836690
2000085839
1235107865
1234808715
1234932923
1235123090
1235178297
1234884072
1235121680
1235168360
1235168387
1235117854
1235170434
1234794518
1235139176
1235254765
1235253682
1234969201
1235122524
1235157362
1235166986
2000105436
1235130197
1235118673
1235155461
1235113615
2000074392
1235238131
2000200019
1234932720
1234842824
2000105412
1235202084
1235166454
1235149457
2000086716
1234854901
1235127243
2000080873
1235466163
1235218134
2000084569
1235158106
2000106948
1235166491
1235165261
1235149870
1235464999
1235122816
1235219996
1235235933
1234883941
2000212709
2000086012
1235132437
1234797345
2000200259
1235254770
1235158642
1235143974
1234969661
1235215158
2000214389
1235249677
1235115032
1235232044
1235146986
1234841625
1234779875
1235221446
1235137284
1235130938
1235228351
1235127973
1235118195
1235242783
2000076244
2000074625
1235236131
1234933183
1234853929
2000088238
1234933788
2000103480
2000082192
1235234877
1235252691
1235167180
1234855172
1234911781
2000075656
1235209795
1234859049
1235130991
1235255472
2000114158
1235126722
1235464445
1235125321
1234776573
1234808362
1234797560
1235144111
1235118136
1235154557
2000115671
2000084951
1235113060
1235465805
1235256591
1235150630
1234796474
1235153905
2000062684
1235105852
1235167184
1234932685
1234813556
1235149220
1235180261
1234883125
2000064678
1235254954
2000077092
1235108088
1235119509
1235141337
1235111451
1234793103
1235218493
1234798746
1234827457
1234807568
2000092188
1235255952
1235464917
1234811774
2000078096
2000082911
1235213198
1234782871
1235168807
1234827714
1235169939
1235247640
1234882257
1235222978
1235155066
1235105580
1234931403
1235460613
2000204262
1235108217
1235141586
1235155338
1234783589
1235132350
1234820578
1235253703
2000091153
1235255674
1235156633
2000075095
2000078423
1234827369
2000216215
2000085360
2000079895
2000102506
2000081392
1235217688
2000110276
1234858390
1235209546
2000086595
1235120301
2000074222
1235171033
1234926207
2000106243
1234798748
2000080733
1235118417
2000080187
1235164439
2000089201
1234853882
2000113829
2000134738
1235242704
1235464803
2000090027
1234796093
2000084597
1235108758
1235166078
1234881905
1234808150
1235106702
1235107973
1235172455
1235120001
1235143531
1235168851
2000113953
2000084474
1235129446
1234881832
2000086565
1235105701
1235167488
1235234499
1235135493
2000216225
1235169308
1235171991
1235168309
2000107835
1234847483
1235150036
1235255836
1235172006
2000114816
1234775125
2000113437
1235142818
1235133404
1235112925
1235215098
2000085146
1234855706
1234794631
1235157508
2000167662
1234882709
1235123754
1235131338
2000212606
2000063940
2000196487
1235156730
1234816570
2000197353
1235247591
1235235635
1234883281
2000091698
1235170818
1235104907
1234807144
1235121056
2000118338
1234855152
1235155227
1235201475
1234858470
1235148222
1234855097
1235245770
2000105205
2000203136
1235147565
1235115935
2000134714
1235142388
1234796468
1235110380
1234809814
1235137441
2000117197
2000074668
1234797500
1235168593
2000083293
2000198488
1234794659
2000087297
1235133710
1235239790
1235153760
2000200779
2000076914
1235236041
1235218681
1235125323
1235109911
1235152188
1235230578
1234848399
1235464801
1234847300
1235124875
1235152348
1235213829
1235213635
1235102855
2000078076
2000114459
2000078931
1235238013
2000198739
1235155065
1235119195
2000081698
1235114010
1235129244
2000081702
2000089288
1234883059
1235154212
1235173450
1234854933
1235235743
1235320778
2000088505
1234853592
2000084198
1235107432
1234855067
1235122628
1235461002
2000090655
1235154434
1235139873
1235210104
2000085464
1235118389
2000078518
1234799876
1235255985
2000113854
1235169273
2000106790
1235237155
1235464443
1235105952
2000135051
2000078967
1235139188
2000198936
2000078178
2000081366
1235215998
2000216188
1235137794
1234798443
1235464940
1235170680
2000107802
2000115743
2000085854
1235139387
2000192689
2000103491
2000107493
1235168976
1235103196
1235209808
1235105218
2000195108
1235327279
2000119031
1235139135
1235253173
1234844145
1235239624
2000215024
1235138673
1235127230
1235466162
1235236521
1235240373
2000200144
1235120329
1235323074
1235322673
1234803160
1235134666
1234785894
1235145384
1235127054
1235216226
1235153927
1234854175
1234841205
2000198709
1234813991
1234796170
1234930475
1235115140
1234859826
1235144254
1235201662
2000074499
1235165547
1234930099
1234931089
2000064097
1234796432
2000089052
2000085165
2000105393
1235103115
2000113766
1235110355
1235238578
2000106655
1235464411
1234932104
2000100055
2000088335
2000081332
1235464914
1234791914
1234810763
2000195102
1235110744
1235322604
1234928854
1235255614
1234789439
1235165983
2000032155
1235120651
1234857252
1235151703
1235141702
1235115555
2000090235
1234841176
1235235096
1235143702
1235203397
1234883173
2000092093
1234788126
2000214483
1234884515
1234852771
1235140123
1235156037
1235234438
1234808038
1235107550
1235212204
1235116961
1235139081
2000201319
2000198312
1235134598
2000134105
1235200266
1235144012
2000102513
2000077039
1235111879
1234810547
1234827525
1235150573
1235167183
1235221102
2000107096
1235196091
1235135500
1235165299
1235109757
1234843234
2000084997
1235139531
1235128142
1234931374
1235114662
1235158400
1234835438
1235146061
1235141683
1235122183
1235103420
1234842821
1235118170
1235104483
1235169489
1234835512
2000115201
2000198772
1235248376
1235118944
1234847068
1235114954
1234813221
1235240551
2000086578
1235172160
1235461904
1234859203
2000119074
1234884624
1234831731
1234884101
1235152304
1235120457
1235147317
1234818794
2000078259
2000119590
1235253659
1235132382
1235149984
1234928833
2000198204
1235105588
1234825427
2000119592
1234933789
1235156760
1235147058
1235209345
1235127289
2000114327
2000100942
1234853681
1234930262
1235103603
1234772168
1235161792
1235124203
1235119510
1235171595
1235142113
1235122477
2000204333
1235256878
1235125247
1235119628
1235233879
1235167908
1235148166
1235153868
1235152647
2000187056
2000086383
1235234859
2000089043
1235130244
2000085940
1234847108
1234842684
1235251583
1234854728
1235202185
1235117842
2000088735
2000091364
2000201658
1234814814
2000119388
1235131447
1235182476
1235240728
2000119195
2000085935
2000214087
1234813916
1235144879
1235123909
1235109212
2000099306
1234881871
2000083060
1235156879
1235132036
1235112277
1234794899
1234882124
1235167547
1235240569
2000198682
1235112677
1235108955
1235152696
1235123255
1235129129
1235238177
2000196028
1234788215
1234856471
2000214386
1235131737
1235238510
1235178943
1234855744
1235127200
1235247129
2000106669
2000195079
2000167088
1235107818
1235125213
1235153497
2000214661
1235156226
1235112902
1234816575
1235245249
1234807070
1235116749
1235253560
1235153785
1235113916
2000197270
2000200780
1235252580
1234847605
1235151471
1235113436
1235253558
1235170785
1235142634
2000134735
1235130772
1235236111
1234912073
1235213404
1235158201
1235157764
1235144933
1235167772
1234822402
2000088494
2000085617
1234970193
2000090477
2000214682
1235144460
1234789161
1235238438
2000074811
2000188619
1235239625
1235234426
1235133479
1235125331
1235235446
2000063437
1234931465
2000197825
1235104348
2000114507
1235116470
2000064339
2000088619
2000080303
2000080723
1234859635
1235114610
1234821080
1235240349
1235222660
1235158738
1235164157
1235171938
2000076553
1235239698
2000113725
2000081011
1235221328
1235108169
2000197249
1234836779
1235126451
1235103519
1235217204
1234930520
1235140009
1235142573
1235201737
1234859510
1235170861
1235234934
1235139569
1235245339
1235170221
1235166593
1235215310
1235116011
1235135478
1235165151
1234836224
1235163249
1235236768
1234859160
1235155682
1235131473
2000201278
1234816630
1234969192
2000215062
2000088981
1235169083
1235166614
1234844395
1235152667
2000094869
2000106529
2000091391
1234841827
1235131308
1234883615
1235170774
1235134019
1235227831
1235137530
1235164158
2000107794
1235171134
1235239744
2000091739
1234932105
1235460547
1235114401
1235235224
2000091147
1235103597
1235107599
1235114501
1235144093
1235127665
1235143228
1235122395
1235152356
1235227182
1235212671
2000114702
1234928817
2000086524
2000100654
1235322121
2000105679
2000167095
2000089154
1234856473
1235218498
2000204240
2000204342
1235252939
1235233753
1235236595
1235142216
1235105401
2000083330
1235170696
1234847163
1235216081
1234848429
1234970110
1234859762
2000165935
1235119582
1234807148
1234855813
1235167081
2000113811
1235217012
2000079385
2000074601
1235145727
1234969068
1235238125
1235168899
1234794812
1235460653
2000079276
1235131644
1235129619
1234859552
1235166293
1234853935
2000090798
2000180311
2000196406
2000138160
1235120634
1234929555
1234810109
1235114341
1235139089
1234794931
1235253262
2000074554
2000114554
2000074179
1234911785
1234847010
1235145829
2000078780
1235163200
2000087493
1235238714
2000198066
2000074725
1234831982
1235159278
2000105678
1235133354
1234883959
1235239770
2000076378
1235122879
1235237098
1235142761
1235132843
1234820778
1235140397
1235459790
1234930268
2000076406
1234796100
1235127831
2000106513
1235121980
1234822405
1235116668
1234834946
1235133405
1235461191
2000198359
1234800196
2000077340
1234883519
1235104423
1234835260
1235142643
1235165890
2000091831
2000115421
1235119213
1235153445
1235322558
1235146239
2000087140
1235139139
2000082467
1234849365
1235180721
2000089929
1235143099
1234847251
1234883952
2000204511
1234855398
2000114144
1235255769
1235154498
1234824253
1234831684
1234884552
1235128845
1234882690
1235172189
1234856075
1235109499
1235256807
2000200158
1235154181
1235139166
1235148516
1235119373
1235145178
1235202144
1235223621
1235219677
1235323463
1234855269
1235122974
2000114190
2000080258
1234792435
1235108735
2000207950
1235146676
1235108146
1234847355
2000100909
1234970078
1234852866
2000085812
1234848808
1234848428
1234929336
1235237183
1234841768
1234856531
1235120397
1235460228
2000188753
2000134152
1234929540
1235169029
1235155918
1234882505
1235130965
1235233943
1234883233
1234847752
1234776215
1235113625
1234814809
1235197642
1235158730
1235121502
2000087241
1235112710
1235168376
1235246805
1234849156
2000088663
1235139242
2000113866
1234842153
1235117544
1235172869
2000089215
2000198560
1235114079
1235141977
2000087065
2000107694
1235139479
1235115482
2000076936
1235134077
1235231547
2000185403
1234844816
1234798097
1235110906
1235154537
1235117073
1235147808
1234883289
1235256844
2000105530
1235201702
2000087417
1235118987
2000089326
1235212371
2000100028
1235153623
1235184467
1235128662
1234794890
1235102694
1235237629
2000118794
1235143839
1235151858
1235168967
2000215702
2000064882
1235145674
1235162289
1235234695
1234855004
1235150404
1235145331
1235257180
2000064760
1235167805
1235138968
1235133016
1235234818
2000087108
1235120186
1235122825
1235135536
1235156735
1235131459
1234853768
2000188722
1235108201
1235251783
1235238361
1235127642
1235122960
1234842178
2000090352
1235117884
1235168402
1235213372
1235125590
1235146987
1235201542
1235130031
2000115749
1235144408
2000084260
1235113605
2000082777
2000076910
1235188743
1235166437
2000079416
1235123598
1235154453
2000140139
2000214365
1235235292
1234808204
1234847890
1234813648
2000185698
1235201468
1234817580
2000081740
1235136360
1234849181
2000113084
2000091928
2000117864
1235218428
1235114595
1235162776
1234796159
1235157507
1235116320
2000198730
1235256808
1235118896
2000085840
1235131927
1234853698
2000085163
1235172243
1235233480
1235221590
1235210765
1235248040
1235123280
1235125127
2000091995
2000107151
1235114704
1235149934
1234932170
1234855185
1235144783
1235105228
1234933934
2000115672
1234969853
2000089313
1234847194
1235109263
2000087545
1235169685
1235111990
1235121608
1234884154
2000114678
2000199914
1234835486
1235153325
2000198672
1234788244
2000094845
1235152655
1235255749
1235155045
1235464718
1235162372
1235212470
1235124167
1235145161
1235119878
1235129867
1235116009
1235149023
2000082939
1235165154
2000114283
1234824237
2000186684
1234853512
1235215208
1235221407
1234787516
1234855310
1234855553
2000091978
1234828286
1235255518
2000085902
1235108337
2000088078
1234933115
2000092131
2000090012
2000180286
2000089262
2000027654
1235105987
1234884024
1235147271
1234841814
1235126877
1235254882
1235323326
1235201345
2000090888
2000114432
2000084457
2000115353
1235200412
1235122419
1235104948
1234929350
1234860156
2000091780
2000115703
1235118377
2000204485
1235170319
2000192724
1235166852
1234857078
1235171303
1235233915
1234798387
1234834844
1235189295
1235129115
2000136770
1235111363
1235172511
1235105377
1235137295
1235124511
2000198047
1234884298
1235327357
1235323340
1235131030
1234933076
1235107425
1235120399
1234821473
1235164134
2000106734
1235112220
1235105161
1235234946
1235210447
2000062625
1235172494
2000079884
2000192536
1234933046
1235459884
1235162292
2000200842
1235235925
1234854056
1235131242
1235157049
1235150819
1235151734
1234813650
1235256177
2000088542
1235239988
2000105645
1234841320
1235121410
2000062583
2000027546
1234885205
1235144298
1235218341
1234843336
2000101021
1235148892
2000100876
1235105615
1235131653
2000119396
1234933117
2000114829
1235144947
1235156153
1235124571
1234852497
2000199795
1235157295
1235325285
1235216074
1235109509
2000102942
2000212785
2000204921
1235150334
1235213479
1235459911
1235134861
1235107205
1235131297
1235130287
1235165876
1234847121
1235242479
1235236268
1235251520
1235163926
1234883264
2000091234
2000188842
1235242421
2000198625
1235238088
1235145233
2000119366
1234773987
2000080201
1235168717
1235126285
2000078415
1234848108
1235137440
1235145245
2000114431
1235167112
2000192701
1235242798
2000198440
1234855083
1235120559
2000108911
1235125238
1234857699
1235114409
2000187641
1234847899
1235107737
1234771627
1235327359
1235144129
1235226569
2000179395
2000084130
1235183953
1235117024
2000204316
1235209090
1235169793
1235117276
1235172789
1235138851
1235218373
1235113917
2000075360
2000078564
1235140424
2000074692
1235151842
1235214767
1235132394
1234847138
2000115105
1235124443
2000089390
1234835517
1234837040
2000085416
2000107327
1235167646
2000090916
1235146169
2000082625
1235142061
2000085821
1235147151
1235118671
2000197890
1235182356
1234856377
1235119823
1234858732
1235146423
1235150403
2000113807
1234798384
1235149201
1235242608
1235136365
1235144007
1235235503
1235173274
2000082181
1235172552
1235135498
1235146566
2000214377
1234775128
1235120238
1235116514
1235163441
1235210346
2000192679
1235236155
1235255249
1235111100
1235253557
1235213496
1235115145
2000134755
1235125717
1234969521
1235222462
1235123093
1235464551
1235170198
1235156961
1234848894
2000082199
1235178077
2000089062
2000076261
2000118368
1235464780
1235174686
1235247736
1235150079
1234841810
1235182373
2000076460
2000078195
1235459484
1235213736
1235242233
1235146245
1234969151
1235214118
1235256343
1235115266
1234931899
1234818659
2000134752
1234922107
2000200853
1235147273
1235211080
1235118409
1234815427
1235168216
2000090942
1235164541
1234781968
1235119890
1234932168
1235153452
1235117312
2000115087
1235161638
1235169679
1235172239
1234844104
2000203112
1235211571
1235172490
1235137876
1234808232
1235150737
1235464499
1235322228
2000105880
2000084833
1235123178
1235195154
1235114910
1235153842
1235130842
1234849314
2000139262
2000079521
1235460580
1234884628
1235144542
1234842289
2000074388
1234847770
2000079710
1235213864
1235145252
2000075268
1234859346
2000074560
2000091595
1235121373
1235145921
2000084909
1235144443
1235139803
1234848369
2000114222
1235174870
1235256054
2000063332
1235139806
1235137199
2000193648
1235107505
1235126110
2000081489
2000115852
1235215058
1234882405
2000119083
1234847971
1235239613
1235133385
1235104244
1235466217
2000107474
1235242082
1235109061
1235252637
1235138410
1235252139
2000087946
2000077589
2000085411
1234788236
2000118452
1234844016
1235131187
1234883607
2000079433
2000078530
1234798537
1234933051
1235327132
1235253675
1235136164
1235155511
1235122399
1235140870
1235247090
1235235766
1234854997
2000197309
1234842170
1235112993
1235464185
1234841845
1235149094
2000079921
1234847608
2000081917
2000138242
2000134113
1235158665
1235167534
1235251466
1235137478
1235133304
2000088539
1235132306
1235164883
1235144776
1235138344
1234813908
1235464288
1235122616
1235126832
1234788223
1235126798
1235171420
2000185506
1235106667
1234821452
1235149467
1234795124
1234855549
1235136746
1234842956
1235235511
2000212559
1235247853
1235466401
1235256687
2000198301
1235200317
1235247737
1235162837
1235148332
2000165971
1235131958
1235121904
2000204461
1235159265
1235131786
1234831768
2000212671
1235242480
1235115443
1235238043
1235120062
2000090943
1235144804
1235168634
1235141758
1235228211
2000088642
1235131229
1235131296
1235154467
1235172399
1235155946
1235143854
2000063115
1234856483
1235215167
2000115156
1234854342
1234837014
1234854876
1235141867
1234928834
2000078101
1234800127
1235165613
1235117818
1235116381
1235166080
1235154391
1235136020
1234856658
1235170322
1235111463
1234856355
1235145599
2000086959
1235125647
1234800245
1234780443
1235146060
1235108790
1235162794
1235210604
1235139689
2000204359
1235113951
1235158607
1235216948
1234820580
1235146146
1235132337
2000105390
1234799306
1235220156
1235130349
1235238160
2000201227
2000090378
1234789331
1234803394
1235124913
1235118382
1235118832
1235108677
1235464901
1234930199
1235166911
1235115052
1235221134
1235120411
1235248547
1235126964
2000086261
1234852278
2000105166
2000110273
1234858812
2000062568
1235459861
1235240043
2000199666
1235129356
1235220298
1235149455
1235168340
2000091487
1235143426
1235135080
1234786852
1234799823
1235237297
2000085387
1235256820
1234931155
1235166769
1234795035
1234847033
1235105479
1235124570
1235251913
1235178022
1235169810
1235145745
1235146228
1235239200
1235137973
1234781373
1235161802
2000138268
1235108979
1234928798
2000197675
1235106802
1235155878
1235142816
1235217311
1234816797
1235153640
1235256534
1234859182
1235129555
1235236780
1234884167
1234842149
1235253465
1235167963
1235187399
1235120964
2000080835
2000201085
1234810456
1235133300
1235134195
1235142188
2000106543
1235235381
2000107705
1235221070
1235166018
1235142495
1235115214
2000075918
2000213974
1235168739
1234884281
1235170703
1235149669
2000089362
1235234523
2000202513
1235146178
1234930487
1234848978
1235158864
1235133829
1235171456
1235146840
2000080049
1235112877
1235234419
1235154606
1235211587
2000199814
1235220516
2000116156
1234853706
1234855119
1235323073
1235114848
1235125403
1235153691
1235134356
1235253335
1235217188
2000078732
1235168711
2000075923
1235146556
1235170266
1235180245
1235114888
1234858458
2000198307
2000079641
1235121550
1235464539
2000153051
1234800050
1235173675
1235254531
1235256205
1235209912
1235152898
1234796795
2000087570
1234841505
1235147989
1235256152
1235464290
2000089995
1234884710
1235217030
2000105460
1234798431
1234805040
1235238331
1235166229
1234853067
1234841388
2000197234
1235249388
1234785970
1234857711
2000199803
1235126486
2000080208
1235146682
2000106249
1234799999
1234854318
1234800512
1234812008
1235462761
2000115831
1235146788
2000185703
2000113440
1235140876
1234803148
1235256154
1235473548
1235145860
1234800690
2000118346
1235169597
1234859844
2000201046
2000075640
2000114357
1235464856
2000197854
1235150667
1235114658
2000197285
2000094852
1235254715
1234856351
2000074896
1235121119
2000083082
1234854903
1235146422
2000080745
1235242355
1234843998
2000106721
2000138592
1234853478
2000075504
2000198547
1234787534
1235140936
1235152659
1234841197
2000088130
1235210564
2000063034
1235248052
2000095262
1235202276
1234859919
1235232122
1235164189
2000188828
1235143885
2000139248
1235237869
2000165796
1235130423
1234933041
1234884722
1235166830
1234853270
2000075910
2000076098
1235117532
1234855636
1235147243
1235464883
1234783329
1235131510
1235168904
1234856089
2000213939
1235120016
1234827534
1235147524
1235180397
1235236741
1235120297
1235154062
2000089435
2000198871
2000083968
1235127249
1235245807
1235461979
1234842558
1235144003
2000076128
2000083234
2000165823
1235121547
1234883503
1235165371
1235214832
1235125652
1234817775
2000091081
1235152702
1235114356
1235218321
1235157166
1234797104
2000113837
1235155054
1235256429
1234834843
2000084908
1235108616
1235109726
2000115442
1234836078
1235254897
1235116485
1235462307
1235149240
1234930395
2000106420
1235167735
1235144109
1235173427
2000197517
1235169750
1235138758
1235118795
2000153097
1235107881
1235168960
1235151954
1235253782
1235175719
2000078550
1235127062
1235107056
1235139528
2000138204
1235461762
1235176351
1235158364
1235240356
1234859003
1235109917
1235136943
1234848734
1235166787
1235464802
1235166047
1234847028
1235147017
1235107008
2000118238
2000087854
1235119806
1235154922
1235256371
1235211711
1235116679
1234933791
1235116436
1235167334
1235104029
2000198433
1234856450
2000064915
1234853583
1235169015
2000083716
1235169580
2000198347
1235170792
1235170341
2000080095
1235171792
1234854730
1234847908
2000074296
2000062646
1235123103
1235322373
1235123285
2000089914
1234814254
1235235346
2000081677
1235136917
1235151944
1234794880
2000204288
2000114669
1235113466
1234933132
1235140944
2000105417
1234846025
1234882692
1235140270
1234835764
1234812395
1235242470
2000216162
1235460957
1234803014
1235464355
1235137354
1234849187
1235154562
2000085433
1235120883
1235124826
1234856422
1235252076
1234785430
1235238567
2000083058
1235247620
1235169376
2000098977
1234807806
1235229609
1235120364
1235144553
1235238380
1235470023
1235171137
1234856811
1234844439
1234856494
1235125161
1234807921
2000106899
1235142164
1235144926
1235466171
1235166350
2000088280
2000202792
1235211479
1235157335
2000099412
2000192450
1235167259
1235163935
2000138573
1235118275
1235143371
1235168840
1235166412
2000080251
1235247398
2000105213
2000079461
2000092270
1235169379
1234883187
1235242780
2000143868
1234842871
1235169403
2000167098
2000117186
1234929471
1235249432
2000202478
1235150110
1235155737
1234931407
1234849006
2000118241
2000216213
1235219159
1235118779
1235115269
1235157015
1234800052
1235220202
1235203665
2000028096
1235106624
1234799851
2000099400
1235131947
1235145751
1235147380
2000196425
1235110148
1235120814
1235105456
1234933143
1234858457
1235242460
2000075547
1234853544
1235149535
2000089248
1235122201
1235198126
1234854110
2000106772
1234828011
1235256923
2000087178
2000085719
1235158058
1234835584
1234787091
2000102508
1234772174
1234808162
1234798055
2000062654
1235116578
1235171663
1235119218
1235109842
1235116118
1235214070
1234820582
1235223588
1235169787
2000106839
1235145888
2000079887
1235119664
1235235668
1235252559
1235257123
1234854324
2000200959
1234627182
1235253217
2000198073
1235141943
1235139131
1235245785
2000118919
1235169050
1235120196
2000106814
1235154553
1235147918
1234860038
1235222601
1235234483
1234847572
2000198651
1235113502
2000119068
1235134287
1235122614
1235132111
1235106835
1234797959
2000088743
1234781028
1235124033
1235145010
1235151846
2000062622
2000091605
1234809819
1234859023
2000212674
1234797924
1234821466
1235115982
1235237981
1234826870
1235255698
2000106530
2000086564
1234791277
1235123235
1235121221
1235154031
2000179539
1235154115
1235166239
1235153581
1234929508
1235212780
1234836128
1235166902
2000114542
1235167951
1235123750
1235255129
1235126478
1235204110
1234795122
1235321994
1234843271
1235155983
1235201448
2000083231
2000192554
1234796195
2000077497
1235105262
1235114263
2000076322
1235129570
2000086398
2000136780
2000077256
2000105546
1235150191
1235114354
1235150759
2000199880
1235165806
1234847740
2000079614
1234836660
2000085230
1235146438
1235131028
2000079482
1235256646
1235139986
1235116300
1235110207
1235126049
2000085668
1234843676
1235155802
1235149657
1234852917
1235126878
1235237995
1235124400
1235177754
1235235451
1235219679
2000091093
2000118997
1235164346
1234911799
1235108653
1235140349
1234827502
2000106418
1235149055
1235124579
2000106916
1235103492
2000088754
1235157511
1235140186
1234883222
2000215660
1235237146
2000084101
1234803826
2000088121
2000085013
1235142574
1235214679
1235172669
1235136834
1235323383
2000107404
2000090039
1235133578
1235122286
1235169628
1235172833
1235130379
1234846480
2000215490
2000192684
1235126331
1235119427
1235127019
1234884776
1234818835
1235245201
1235107281
1234856074
1234808203
1235203779
1235234511
1235141003
1235105333
1235128340
1235146254
1234807729
1234827521
1235210703
1235460693
2000089658
2000099337
1234798685
1234848526
1235109384
1235252387
1235155141
2000119623
2000140122
1234883533
1235122119
1235250856
1235153573
1235460949
1235116141
1235203266
2000188351
1234826468
2000115839
2000079770
2000074474
1235146201
2000197889
1235250494
1235251784
1235106976
1235168822
1235119314
2000083067
1235139646
1235103197
1235141886
1235166000
2000088325
2000083954
2000083354
2000075249
1235167949
1235108925
1235121943
1235255054
1235165476
1235140149
1235142491
2000107738
1235146002
1234854260
1234831781
2000082405
2000204579
1235140632
1235170471
1235123595
2000113729
2000100895
1234847759
1234836619
1235138599
2000200925
1235118555
1235150267
1234799904
1234835382
1235109422
1235125441
1235323092
1235464367
1235155242
1235113117
1235127018
1235213818
1235140937
2000085868
1235187357
1235145596
1235139466
1235327302
1235109609
1235242711
1235133584
1235165041
2000199806
1235252771
1235213181
2000114178
2000083572
1235106033
1235132232
1234781789
2000077016
1235153510
2000118251
1235252603
2000209798
2000113700
1235252098
2000083882
2000082500
2000090516
1234828905
2000105648
1234820881
2000082493
1234858816
1235464473
1235125981
1234858362
1234847249
1234799879
1234883204
2000214763
1235124718
1235124219
2000113438
1235154081
1234803965
1234843600
1235214827
1235114450
1235175160
1235137971
1235183714
1235136385
2000202941
2000116133
1235130848
1235322650
1235143841
2000094825
2000076701
1234807813
1234808287
1235247706
1234849287
1235212350
1235157447
1234842560
2000134687
1234831681
1235103902
1235132434
1234627201
2000192461
1235172406
2000198218
1235110244
2000085225
2000076870
2000084060
2000114625
1235113723
2000084048
1235145619
1235153885
1235167398
1234774324
2000074265
1234816573
1235134026
1235132042
2000106995
1235465727
1235156734
1234854203
1235110490
2000113967
1235110904
1235169059
2000136769
1235253014
2000075521
1234933162
1235124012
1234882732
1235121135
2000076105
1235169174
2000081225
1235166335
1234969448
1234969733
1234969178
1235120824
1235155924
2000079979
2000107191
1234854989
1234856110
1235218522
2000198864
1235111874
2000212794
1235143570
1235110920
1235221359
1235117509
2000201006
1235168683
1234808101
1234793518
1234844399
1235221796
1235156643
2000115701
1234847011
1235151660
1234854724
1235169867
1235247334
1235211800
1235128908
2000202625
2000074544
1235239730
1235238376
1235114376
1235215664
2000077005
1235253107
1235221893
2000076229
2000106541
2000107098
2000086895
2000136766
1235148029
2000204999
1235133861
1235140628
1235143505
2000115705
1235158606
2000078555
2000138303
1234932763
1234843899
1234814030
1235239737
1235137950
1234822812
1234800182
1235194937
1235116873
1234843657
1235171026
2000107490
1234853344
1234776804
1235203019
1235122239
2000105419
1235170202
1235461081
1234797993
1235170525
1235144849
2000081659
2000196532
1234813966
1235134289
1235215348
1235106789
1235141324
1235217577
1235141821
1234800851
2000115371
1235158051
1235158885
2000081988
1234930288
1235106772
1235234340
1235255141
2000115837
1235150287
2000192452
1235104502
2000080821
1235140155
1235152426
2000090157
2000166507
2000113738
1234848870
1235149471
1235103362
2000199716
1235127052
2000081514
2000085242
1234831976
1235166434
1234842371
1235108849
1235211373
1235222499
1234794632
1235124919
2000085183
1234883189
2000085548
1235129799
1234844705
1234928794
1234842992
1235133108
1235147179
1235125246
1234929780
1234849301
1234930317
1235126414
2000064474
2000091571
2000204376
1235128404
1235166323
1235146631
2000080249
1234848019
1235171852
1235172482
2000165826
1235250728
1235148797
2000212521
2000077393
1235147856
1235470021
2000074561
1234788120
1235125626
2000080592
2000198399
2000165982
1235211445
1235322154
1235146382
1234928820
1235157440
1235237719
1235147027
1234853511
2000089568
2000080272
1235123128
1235156985
2000078077
1235129881
1235223903
1234798111
1235171506
1235118141
1235236168
1235143506
1235115320
2000086953
1235110894
2000106331
1235464947
2000118984
1235169932
1235103770
2000085598
2000199853
1235134319
1235248110
1235135899
1235115660
1235212014
2000064393
1234792151
1235128376
1235254903
1234835171
2000091694
1235153645
1234844649
1234808364
2000197851
1235464899
1234847326
1235211225
1235139468
1235129844
1235166055
1235147312
1234836555
2000107504
1235131323
1235168079
2000087994
2000075530
2000188337
1235462226
1235133346
1235136971
1235220032
1235147168
1235119051
2000102989
1235157473
1234807583
2000062584
1235152002
1235125472
1234853286
1235211396
1235323442
1235149191
2000062570
2000114590
1234855758
1235139891
1235213994
1235327297
1235109831
1235167165
1235223303
2000092368
1235464866
1235132726
2000080011
1234812751
1235144548
1235237660
2000079429
2000152942
1234843555
1235125777
1235106865
1234856067
1235236446
1235127308
1234835616
2000085706
2000101009
1234781975
1235212830
1235253020
1235169419
1235117646
1234858980
2000114318
1235235749
1235235141
2000105891
1235119980
2000202981
1235239939
1234804877
1234810300
1235105836
1234853508
1235210451
1234854349
1234858482
1234841549
1235237914
1234859456
1234884914
1235464678
1235185688
1235221931
1235144810
1235464341
2000114635
1235125148
2000090108
1235169882
2000212804
1235105364
1235252966
1234859250
1234884666
2000196050
1235144049
1234859249
1235155485
2000087314
1235140828
2000091162
1235111371
2000138174
2000089253
1235171007
1234860065
1235138463
2000080775
1234789156
2000192453
1234848718
1235236077
1235459793
2000084991
2000113909
2000105347
1235147527
1234825700
2000115815
1235143719
1234932130
1235217990
1235137640
1234854892
1234843763
1235113054
2000081902
1235125189
1234785991
1234798831
1235137989
1235210129
1235107076
1235157422
1235242304
1234809820
1235464080
1235145963
1234847179
2000114274
1234795745
1235183777
1235137416
1235247182
1235148950
1235146895
1234794920
1235464634
1235220825
2000105890
1235133004
1234835160
1235118874
1234930401
1235237915
1234930170
2000116141
2000090894
1235105072
1234932438
1235464974
2000118102
1235153048
1235108418
1235168849
2000081029
1235173266
2000198519
1235147655
1235131862
2000200884
2000198351
2000215171
1235253550
1235116281
2000107362
2000083992
1235166743
1235253642
1235151962
1235235199
1234842902
1235106064
1234794658
1235133072
2000078073
1234969520
1235104980
1235464301
2000083630
1234856608
1235127979
1235164898
2000079588
2000080553
1235251439
1235121069
1235217996
1235129740
1235112756
1234858419
1235115113
1234858939
1235169508
1234855640
1235253203
1235173384
1234970258
1235109064
1235136090
1235154935
1234854687
1235126056
1234794769
1234847139
1235130749
1235128692
2000198537
1235124406
2000088490
2000084834
2000215051
1235126419
1235117527
1235164877
1235254892
1235145957
1235170668
1235154513
1235235091
1234803386
1235124922
1235237093
1235139263
2000197635
2000113777
1234883024
1234853502
2000107360
1234930558
2000115196
1235245231
1235224070
2000086852
1235175839
1234855819
1235255512
2000138100
1234827468
1235145454
1234932137
1235133308
1235129592
1235163374
2000087898
1235175246
1235114590
1235163202
1235180311
1234803390
1235171654
1235254976
1235170396
2000075102
2000082313
1235464586
1234836200
1234829423
1235464953
1235223788
1235137143
1235173714
1234848473
1234931954
2000081712
1234794627
1235154070
1234831774
1235151603
1235235632
1234800217
1235113368
2000165658
1235322923
1235212176
1235249117
1235120909
1234848817
2000081101
1234841794
1235148479
1235464276
1234799891
2000118968
1235146593
2000118433
2000138076
2000202938
1235116681
1234853479
1234848621
1234831812
2000201647
1235103649
1235211293
2000198132
1235109230
1235236308
2000107475
1234933630
1235148668
2000139290
2000107719
1235229958
1234834359
1235219528
1235253610
1234789967
2000077110
2000083406
1235169420
2000192734
1235140973
2000092160
1235118871
1235238100
2000062618
1235107878
2000114751
1235153479
1234931025
2000114284
1235116850
1235151852
2000118300
2000076843
1234932727
1235198927
1234969189
1235169067
1235121230
1234849141
1235235579
1235126286
1235146799
1234778861
2000087434
2000074900
2000085814
2000114796
1235171504
1235126326
1234794619
1234881480
2000092078
1235137910
1235166411
1235128098
1235131640
1235164873
1235215684
1234843278
2000062711
2000086844
1234825708
2000090672
1235465133
2000180315
1235157090
1234932655
2000074329
2000118333
1235239724
1235131483
1235226999
1234855815
1235153538
1235148647
2000078541
2000099001
2000204407
2000119579
1235141174
2000118186
1235123676
1234969830
1235146529
2000076399
1234847547
2000062674
1235231935
1235141518
1234826949
1234812219
1235110012
1234852941
1235466249
1234885124
2000215272
1235235349
1234932634
1235234411
1234882725
1234835531
1235171667
2000118888
2000091225
1235172237
1235240302
1234929879
1235115353
1234884020
1234884638
1234834879
2000202501
2000113701
1234799917
1235255281
2000199739
1234804382
1235165159
1234834837
2000088094
1235252490
1234929604
1234844815
2000086770
1235210806
1234797055
2000195008
1234842659
1234929963
1235147835
1234853916
1235156580
1235238154
1234799873
1235327257
1235167427
1235156779
1235464407
2000063775
1235154142
1235221004
1235120363
1235157236
2000106372
2000102514
1235130552
1235169729
1235158937
1235156761
1234847253
1235253543
1235110750
1234807306
1235165279
1235114395
1235212042
2000198024
1235154103
2000198462
1235147564
1234852870
2000083233
1235171148
1234803945
1234626430
1235131052
1234855602
1235144738
1235464805
2000197911
1235141134
1235138808
1234857710
1235170971
2000091990
1235237887
1235181970
1235152992
2000082871
2000115850
1234834919
1235150565
1235111289
2000087461
2000165997
1235459451
2000088414
1235171929
1235121369
1235223099
2000105346
1235129427
1235172264
1235107823
1235133418
1234831783
1234800117
1234854055
1234857580
1234826909
2000079900
1235114751
1235104316
1234798696
1234848954
2000079865
1235322872
2000155495
1235230067
1235213356
1235144677
1235234467
1235106012
1235217119
2000087273
2000107011
1235165499
1235221201
1235210656
2000105904
1235464176
1235169306
1235153090
1234808245
1235164410
1234626415
2000118766
2000090052
2000090168
1235152488
1234968881
2000087416
1235105661
2000115658
2000081385
2000089460
1235235513
1235167354
1235464269
1234836003
1235211663
1235144989
2000079185
1235222104
2000081809
1235123158
2000115375
1235147632
2000197800
1235466302
1235249312
1234810779
1235113132
1234844121
2000179541
1235138613
1235154047
2000081784
2000214461
2000210701
1234882790
1235141079
1235121729
1235177887
1235165042
1235116512
1235248618
1235145716
1235132828
1235109116
1235155958
1235135716
2000204497
1234798115
1235247547
2000199817
1235198976
1235166400
1235235564
1235157035
1235166850
1235238356
1235150302
2000098979
1235136138
1235162143
1234883261
1235253169
1234826419
1234800187
2000188030
1235142840
1235236288
1235235554
1235138303
1235117595
1234853859
1235216524
1235256183
1234821457
2000199799
1235129950
1235146235
1235251936
2000198335
1234835926
1235122014
1235131477
1235143290
1235144082
1235235488
1234836673
2000214080
1234793131
1234849185
1234854990
2000119105
1235122203
1235238008
1234848486
2000027548
2000074762
1235168210
1235323179
1235143430
1235143733
1235165034
1235253641
1235169311
1235166410
2000081336
1235169534
2000084472
1235107798
1235460135
2000074488
1235106209
1235462746
2000212493
1235155318
1235217031
1234790174
2000115309
2000185779
2000086841
1235149461
1235118130
1234785425
1235177274
1235217729
1235131117
1234848651
1235242412
1235108904
1235111790
1234911738
1235114121
2000214313
1235461804
1235171166
1235143478
2000214842
1235200424
1235221525
2000102981
1235139630
1235464975
2000062519
1235234496
1235173111
2000082920
1235137760
1235145785
1234883054
1235133387
1235115528
1235167258
1235128233
1235115812
1234853833
2000107815
1235118060
1235217134
1235146750
1234968833
2000075963
2000094807
1235155499
2000115462
1235216358
1235120905
1235170767
1234842479
1235115792
2000074683
1235119248
2000198297
1235166965
2000074449
1234932357
1234929813
1234844233
1235118348
1235114745
1235123310
1235253544
1235168159
2000062891
1234842873
2000187994
1235167921
1235135727
1235137112
1235130666
1235235363
2000076983
1235107645
2000075377
2000115765
1235247362
2000062589
1235233483
1235249622
1234854403
1234835045
1234835673
1235117634
1235168956
2000212644
2000200964
1234848228
1235165132
2000192735
2000200938
1234848377
1235234778
2000076429
1234930349
2000085058
1235116812
1234790070
1235130759
2000197359
1235162294
1235169726
1234911745
1235249628
1235237932
2000202868
1235148040
2000118875
2000085914
1234932191
1234848777
1234856768
1235120786
1235140792
2000099204
1234800099
1235172864
2000076627
1234796947
2000115263
1235238090
1235120076
1235141557
1234797869
1235169161
1235143358
1234849291
1234854187
1235128974
1235255311
1234859774
1234847734
2000080555
1234933216
1235134909
2000118231
1234820779
1234782150
1235106837
1235250636
2000085340
1235152279
1235107817
1234852545
1235162293
1235253248
1235152115
1235109075
1235149236
1235167590
1234807597
1234929510
1235323483
2000180100
1235106849
2000199868
2000188029
1235236513
2000079680
2000114649
1235116862
1235132045
1234853225
1235152839
1235253512
1234836190
1235242331
1235159254
1235253792
1235130966
2000113958
1235119557
1235165661
1235159362
2000092072
1235198794
2000164240
1235240704
1235459713
1235154886
1234787208
2000105304
1235156457
1234853197
2000086450
2000106767
1234930601
1235138559
2000214848
1235118011
1235158910
1235212129
1234970306
1235127029
1235172638
2000092353
1234799034
1234786824
1235148606
2000114668
1234932921
1234813543
1235198802
1235169131
2000077599
1235233846
1235116439
1234834886
2000074198
1235236823
1235119793
2000082936
1234847230
2000114052
1235253200
2000114060
2000188411
2000062592
2000076633
1234883985
1235464735
1235210678
1234858435
1235323019
1235115316
1234854252
1235162973
2000090715
1234808020
2000091404
1234929647
2000081502
1234836837
2000100870
2000085222
2000119014
1234932141
1234842227
1234782074
1235250418
1235135833
1235107963
1234804043
1235171582
1235252648
1235465766
1235164066
2000075425
1235213412
2000114227
1235256483
1235156145
1235225963
1234930876
1235165951
1234795735
1235255903
1234827491
1235234911
1235233786
1235148629
1235254909
1235255699
2000088701
1235201868
1235159366
1235170730
1235249016
1235146179
1235154584
1235118624
2000197670
1235238329
1235127681
1234859022
1235218923
1235464354
1235255635
1235236473
2000188017
1235240280
1235136829
1235238138
2000089512
1235128382
1234795039
2000192664
1235108861
1235106710
1234883920
2000119378
1235168675
2000082482
1234815840
1235245815
1235146071
1235211507
2000114246
1234854436
1235234457
1235154526
2000086946
1235202241
1234970317
2000102918
2000086241
1235157285
2000212668
1234856559
2000210763
1235149342
2000187916
1235133347
1234848550
1234842858
1235238159
2000092125
1235209840
1234822196
2000097286
2000086010
1234929695
1235217604
1235148887
2000193697
1234858394
1235145577
1234884291
2000088561
1235247236
1235327312
1235167605
1234930598
2000113664
1235158487
1234843248
1235148054
1235145929
1235122190
2000215911
2000087501
1235174529
1234820041
2000188009
1234807414
1235170697
1235323054
1235165489
1235156460
2000074543
1235321405
1234882855
1234883134
1235131365
1234855732
1234930455
1235106922
2000172153
1235119417
1235113221
1235246901
2000062726
1235215760
1234884731
1235146388
1235146724
1234854577
1235459844
1235232569
1235148523
1235169526
2000200961
1234835028
1235201742
1235464826
1235130650
1235169058
1235202582
1235153244
2000194989
1235109913
2000084455
1235121630
1235163513
1234930809
2000083416
1235136376
1235120115
1235149982
2000079659
2000114559
2000197363
1235210186
1234969926
1235155454
1235170306
2000197435
2000083577
1235112483
1235209354
1235146502
1234827462
2000076346
1235150393
1235233776
1235139649
1234856416
1235170552
2000198468
1235141049
1235153117
1234856462
2000138067
1235256031
1235146683
2000083134
2000178639
1235242471
1235147158
1234930391
1234842855
1234835091
1235118086
2000106827
1235215346
2000081161
1234835637
1235105899
1234797857
1235151362
1235145518
1235318738
2000113781
1235118718
1235173674
1235173166
1234855489
1235461189
1235111146
1235218198
1235155105
1234836323
1235169493
1234855072
1235127362
1235120669
1235214527
2000118782
2000078378
1234827520
1235125491
2000197256
2000202529
1235118587
1234930385
1235152390
1235141117
2000199725
2000200868
1234858405
1235238543
2000107621
1235251150
1235115422
2000209751
2000079079
1235139477
2000203097
1235112074
1235201762
1234930691
1234854323
1235459973
1235135642
1235135402
1235183544
1234779439
2000185687
1235253539
1234774704
1235237385
1235229919
1235327130
2000105268
2000083895
1235150312
1235459754
2000119001
2000107156
2000196410
2000091390
1235139751
2000088620
2000077219
1235464262
1234912102
1234929636
1235120577
2000105277
1235141788
1235115682
1234884506
1235130926
1234853185
1234855423
1235168794
1235116784
1235105297
1235168391
1235107006
2000087260
1234928866
1234835696
2000115799
2000153083
1235167355
2000088407
2000085274
1235145910
1235147217
1234804393
1235146136
1234896362
1235198073
2000198666
1235233826
1234856791
1235208953
1235124716
1234814854
1235166386
1234782906
1234798099
1235148066
1235255869
1235234281
1235142581
1235156847
1234932437
2000204985
2000180320
1235118930
1235154233
2000119021
1235168771
1235107520
1235143644
1235235799
2000165749
1234968888
2000076630
1234843782
1234859021
2000084177
1235220012
2000114281
1234808200
1235148236
1235126008
2000082711
1234929805
1234799803
2000200174
1235167857
1235233744
2000074468
2000077828
1235171997
1235239515
1235132973
1235326630
1235112478
2000107208
1234828003
1235107421
2000080346
1235119927
1235228435
1235135770
1235138724
1235234874
2000201012
1235212291
1235325121
1235167314
2000107871
1235167157
2000115647
1234854864
1235127063
1235228284
2000079987
1235464746
1234835013
2000106929
1235232519
1235215068
1235214155
1235158060
1235256339
1234852884
1234781402
1235153721
1234853075
1235122311
2000204284
1234813704
1235239989
2000216167
2000179371
1235116896
1234969102
1235464129
2000090066
1235165513
1235125681
2000085229
1235120060
1234772132
2000134721
1235111558
2000063181
1234847867
1234808202
1235167499
2000082686
1235154360
1235132858
2000192671
2000113683
1235170036
1235124966
1235147832
1234807783
2000196024
1235119921
2000107720
1235120734
1235164675
1234859067
1235146454
1235245800
1234929613
1235117804
2000199919
1235164344
1235164071
1235129111
1235212616
1235126465
1234853580
1235322596
1235238226
1234821465
1235114891
1235107726
1235135380
2000165807
1234844000
2000086958
2000200845
2000086256
1235163164
2000167681
1234854446
1235236579
1235102745
1234835559
1235252466
1235102461
1234821462
1235140452
1235154449
1235136243
1235256224
1235148935
1234852299
1235118509
1235125146
1235322320
1235143722
1234799948
1235325083
1235144619
1234969868
1235244823
1235144175
1235128985
2000082293
2000062523
1235115769
1235103054
1235156486
2000100902
2000202533
1234791954
1235128483
2000140123
1235256182
2000187061
1235239775
1234849155
1234788165
1235200335
1235104746
2000089173
1235140961
1234856033
1235166051
1234772662
2000106774
2000086559
1235154473
1235112682
1235155091
1235158208
1234808175
2000215553
1235128339
1235168966
1234808284
1235126514
2000084112
2000118398
1234933800
2000113653
1234835056
1234930566
1235153115
1235123116
1235144079
1234884126
1235318918
1235220556
1234856080
1234799770
1235117918
1235145924
1235164902
1234859233
2000077788
1235464949
1235153312
1235222485
1235254645
1235327043
1235132239
1235173666
2000204409
1235147882
2000079040
1235167899
2000078969
1235143031
1234933866
1235111936
1235137942
1235187315
2000084453
2000198503
1235125201
1234929326
1234814279
2000077881
2000076946
1235146971
1235117383
1234788177
1235215735
1235212562
1235119412
1235106458
1235134713
1235221499
2000198872
2000202796
1235214462
1235200916
2000198766
1234842143
1234841342
2000077652
1235151524
1235229782
1235166910
2000198568
1234968850
2000215773
1235115460
1235108995
2000085171
1235118418
2000115065
1235117069
1234798803
1235146671
1234848754
1235174336
1234933197
1235150818
1235158732
1234795697
1235168021
2000076363
1234855087
1235145379
2000087695
2000084758
1235137453
1235104824
1235177834
2000082238
2000074455
1235124708
2000086952
1235234443
1235208410
2000080354
2000089964
1234808145
1235167237
2000115777
1235135423
1235146574
1234858777
2000086985
2000105269
2000078825
2000199865
2000200434
1235146400
1235139676
2000109979
1234882922
1235167397
1235255924
1234885225
2000064456
1235156652
1235470002
1235461976
1235103953
2000118813
1235154823
2000080439
1235215679
1235252267
1235167675
2000091868
2000088357
1235235456
1234798828
1235132174
1234932679
2000165721
1235127728
1235150346
1235115401
2000118236
1235165111
1235113504
1235216981
1234848757
1234822234
1234968875
1234848962
1234810349
1235240490
2000106631
2000062732
2000196413
1234856635
1234848748
2000081766
1235142391
1235212704
1234807858
1235121919
2000090221
2000172150
1234887668
1234883934
1235131846
1235122378
2000027544
1234932605
1235152614
2000078418
2000115219
1235169267
1235245270
2000105409
1235153431
1235168120
1235460640
1235140773
1235156463
1235133984
2000063368
1234849064
2000118261
1235149421
1235145925
1234843085
1235168655
2000076916
1235111316
1235122234
1235133069
1235119516
1235144284
1234807787
1235157242
1235123797
1235238083
1235252462
1235248032
2000139313
1235126138
1235112095
1235156158
2000083937
1235168897
1235242403
1235117301
2000114700
1235131614
1235167552
2000204513
2000113749
1235171133
1235147983
1234841360
2000075769
2000105157
1235247337
1235145670
1235327261
1234841699
1235253625
2000077616
1234834973
1235245380
2000082236
1235127404
2000119032
1235145191
1235165352
1235111778
2000212697
2000196405
1234847215
1235128295
2000116134
2000089124
1235130944
1235109951
2000214332
1235115208
2000089180
1235109656
1235237122
1235226272
2000204327
2000075724
1235146081
1235240781
1235105265
2000114598
1234843072
1235126109
1235212651
1235141787
1235135405
1235461188
2000088151
1235114584
1235131602
1234807853
1235139107
1235246801
2000198477
1235159043
1234800136
1235253535
1234788147
1235146651
1235126881
2000207593
1235112848
2000091468
1235104030
1235145922
1235152908
2000214869
1234831816
1235172346
1235146829
1235169730
1234932163
2000213916
1235117222
2000107082
2000088300
1234804650
1235144489
2000195174
1234854968
1235140493
1235255681
1235115686
1234847314
1234859950
1235108604
1235459875
2000085044
1235138882
1235212804
1234849348
1235130033
1235236200
1235152662
1235170348
2000091804
1235167630
2000134041
1235117639
2000106783
1234846700
1234781804
2000138557
1235132621
1235105266
1234774253
2000165578
1235133028
1234854986
1235237477
1235125675
2000091038
1234797982
1234794912
2000078403
1234831778
1235152569
1235102647
1235166817
1235237894
1234847081
1235108335
2000201216
1234807837
1235133340
1234847625
1235221208
2000074083
1234884064
1235107795
1235215080
2000077967
2000091321
2000198295
1235236516
1235221777
2000118617
1234969219
1234841895
1234830556
2000078621
1235116129
1235143874
1235133355
2000185397
1235166768
1235216093
1235198795
1234847642
1235140222
2000118386
1235256234
1235234974
1235123278
1235462332
1234807599
1235113354
1234883265
1235148928
2000178881
1235170665
2000076823
1235462257
1235144569
1235233803
1235157506
2000080326
2000198854
1234841925
1235166035
1235148113
1235146107
1235151277
1235171800
1235151906
1235167752
1235153555
1234818551
1234848985
1235169711
2000134712
1235104713
2000087770
2000088418
2000090376
2000089916
1235466132
2000090492
2000084318
1234933790
1235103313
1234852882
1235254420
1235237190
2000083805
1235171590
1235321398
1235209356
1235122133
1234807559
1235245221
1235121103
2000198551
1235166533
1235144589
1234883509
1235130943
1235141002
1235112673
1234771563
1235133542
1235140213
1234848259
1235210488
1235147757
1235239577
2000195287
2000200382
1235162657
1235248633
1235464875
1235159166
1234884140
1235164584
1235116350
2000105469
2000064631
1234853220
1235240600
2000078608
1235150672
2000118858
2000062705
1234929774
1235145035
1235150134
1235249403
2000119372
1235459957
1235459822
1234843559
1234796593
1235208842
2000081246
1235239256
2000211757
1235153860
2000079700
1235166784
1235130647
2000134725
1235217648
1235111099
2000086956
1235115563
1234847053
1235168764
2000201004
1235110357
1235217385
2000090130
1234807896
1234969571
1235109709
1235121348
1235464353
1234834947
1235103653
2000075162
2000088453
1235138066
1235210624
1234856354
1235168359
1235154976
1235158334
1234969390
1235147386
1234930422
1234797346
1235253152
2000079082
1234929333
2000077742
1235153871
1234859922
2000082914
2000086701
1234911659
2000080241
1234773244
2000198330
2000082518
1235130592
2000078592
1235237632
2000134696
1234884132
1235147661
1235170400
1235122096
1235112535
1235169504
1235239804
1235140399
1234969125
2000134680
1234798753
1234858745
2000081827
1235240871
1234859932
2000215696
1235131210
1235167550
1235464321
1235132361
1235124907
1235142563
1235166928
1235169192
1235237174
1235137462
1234840931
1235208955
1234911725
1235165799
1235128132
1235114357
2000082151
1235168648
1235146939
2000079118
2000059982
2000106370
1235238117
1234930440
