1234625540
1235167497
1234623754
1235073793
1235324190
1234621056
1234625631
1234618711
1235193292
1235075459
1234620296
1234929930
1234620857
1235076417
1234620899
1234624778
1234623510
1235071525
1234932350
1235323627
1234620019
1234621387
1235076838
1234618668
1235078931
1235072288
1234624022
1235073567
1234619308
1234931948
1234625993
1234619043
1234622327
1234622492
1235081656
1235078534
2000114917
1235082864
1234620701
1234619528
1235079825
1235081851
1234622507
1235196361
1234620702
1235074941
1234622556
1234621284
1234931988
1234623132
1235257207
1234621339
1235073169
1234619709
1235079497
1234928062
1235199279
1235072473
1234625407
1234623491
1235242402
1235081759
1234620915
1235076185
1235072482
1235323832
1234620281
1234619278
1235071431
1234620736
1234930370
1235070969
2000196059
1235074613
1234623457
1235073824
1234930025
1235082842
1234623522
1235082772
1234618334
1235080115
1235078278
1235073803
1234620986
1235072271
1234926266
1235194591
1234627080
1234624091
1235074158
1235082153
1234626161
1234621211
1235082141
1234624923
1235079085
1235194847
1234619189
1235082065
1234620592
1235081547
1234624046
2000201106
1235081832
1234626490
1235073550
1235324068
1234623997
2000116099
1234620336
1234623909
1235074621
1235078699
1234618364
1235070941
1235080334
1235074090
1235187345
1234626000
1235323941
1234618229
1235078319
1235081774
1234620027
1234621447
1234622865
1235080149
1234622886
1235323752
1235074927
1235075161
1235075521
1234618667
1234621465
1235256853
1235080411
1234626997
1235162614
1235324039
1234620722
1234621723
1234621393
1235071592
1235082256
1234622686
1234620475
1234626052
1234620377
1234619178
1235073261
1235080501
1235072285
1234626845
1234622422
1235077121
1235074915
1235079546
1234624770
1234619250
1235082105
1234625837
1235072993
1234622738
1235074616
1234623511
1234928388
1235073742
1234622483
1235081825
1235323947
1235078849
1235080355
1234928045
1235079207
1234620997
1235081660
1234619234
1234626077
1235071371
1235077109
1234623656
2000201059
1234931613
1234619714
1234620380
1235078634
2000201149
1235079402
1234930426
1235071423
1235074460
1235074515
1235082161
1235082829
1235074882
1235082148
1235080155
1235081939
1235075469
1235324081
1235323984
1234625426
1234623432
1235082232
1235078289
1234622728
1235077074
1234621597
1234619069
1234932886
1235073562
1234621310
1234627032
1234623336
1234623907
1235081981
1235077654
1234620365
2000138309
1234622755
1235188877
1235079810
1235188988
1234620888
1234621626
1234621235
1235073778
1234625370
1234623876
1234620662
2000201099
1234627042
1235074851
1234625395
1235071380
1235075568
1235072517
1234622565
1235075666
1235079777
1234927132
1235079739
1234625968
1234619901
1234622737
1235074073
2000118143
1234619144
1235240015
1235075042
1234929519
1234623483
1235073186
1234932340
1235070904
1235076436
1234931984
1234622125
1234622274
1235080507
1235078770
1235074101
1234931865
1235077941
1235082837
1235074853
1235074734
1235073929
1235078488
1235079233
1235079439
1234619602
1235076917
1235082259
1235081043
1235073794
1234620074
1235074018
1235075167
1235077731
1234931792
1234930377
1235071938
1235071118
1235081424
1234624034
1235071003
1235071677
1234623984
1234619480
1235080510
1235071699
1235082602
1235080586
1235081059
1234928990
1234927576
1234620994
1235081893
1235073264
1235076541
1235079648
1235073581
1234870414
1235072846
1234618740
1235324092
1234933225
1235078477
1235079099
1235076803
1234625272
1235082636
1235163612
1235078194
2000201145
1235323842
1235082094
1235070922
1235071373
1235078687
1234621666
1235072575
1235181720
1235078686
1235080625
1234927230
1235082310
1235078000
1234929083
1234624044
1235081544
1235082520
1235074493
1235195997
1234625695
1235078304
1234928410
1235076748
1234619052
1235075214
1234622588
1234618526
1234621055
1235078997
1234626456
1234933269
1235080618
1235073541
1235190735
1235074549
1235074964
1234619361
1234620325
1235076816
1235196918
1234625612
1234925896
1235075295
1235072350
1235199213
1235072953
1235081429
1235077279
1235075045
1235074095
1234618248
1235079027
1235075191
1234619131
1234618853
1235082070
1235075162
1234621636
1234622674
1235081159
1235074880
1234622195
1235079245
1235323663
1235079360
1235073737
1235072646
1235073917
1235073636
1235082474
1235081275
1235070967
1234620127
1234620301
1234619852
1234625323
1235075015
1234622676
1235077706
1235072597
1235071542
1234619622
1234620859
1234621314
1234618680
1234620162
1235071254
1235323906
2000139448
1235071148
1235196011
1234870358
1235071802
1234626090
1235073095
1235082445
1234927244
1235072286
1234929447
1234929998
1235081406
1234619597
1235076820
1235162651
1235071134
1235076000
1235073584
1234618565
1235076779
1234618250
2000210886
1234621367
1234623368
1235168458
1234618835
1235324022
1235072178
1234623042
1234620202
1235078850
1234620618
1235076619
1234625159
1234618686
1234623645
1234623383
1235195898
1235075486
1235082286
1235082751
1234623550
1234625036
1235240007
1235191641
1234622666
1234621645
1234620644
1235323978
1234625838
1235081067
1235082807
1234621014
1235071814
1235071428
1235073693
1235079483
1234625746
1235076739
1234622484
1235080138
1234621309
2000110246
1234622469
1235082786
1234620504
1234930293
1234625997
1235323666
1235257063
1234623121
1235078621
1234619319
1235073986
1235082098
1234626099
1235077867
1235075225
1234623601
1234626484
1235077663
1234626301
1235257223
1235257233
1234932387
1235074977
1234620108
1235323665
1235078988
1235082787
1235079243
1235074157
1235082221
1234625151
1234619353
1235074948
1234618754
1234626878
1234623614
1234619590
1235074980
1234621054
1234626176
1235081744
1235188864
1235323679
1234624070
1234621361
1234930631
2000109977
1234622324
1235076735
1234620788
1235072219
1235073088
1235323878
1235080123
1235076754
1235323892
1235323976
1235323718
1234626076
1234619243
1235074548
1235072700
1235323649
1234620120
1235074155
1235075513
1235074506
1235076829
1234931615
1234606388
1235323737
1234619730
1235323904
1235079010
1234928937
1234883011
1234620848
1234925533
1235071796
1235073148
2000210835
1235071937
1234625375
1235072712
1235074579
1234625963
2000134076
1234621477
1234620891
1234621505
1234620567
1234619293
1234627126
1235075172
1235073988
1235082170
1235079492
1235073580
1234932375
1235324095
1235077818
1234925624
1234620292
1234622748
1234622767
1235071459
1234625856
1235079424
1235075855
1234619268
1235077070
1235082178
1234622236
1235081413
1234933252
1235071065
1234619184
1234623618
1235082244
1234618969
1234622378
1234623576
1235324184
1234930658
1235323719
1235079687
2000180327
1235071076
1234622432
1235081644
1234622500
1235323948
1235071048
1235073928
1235189075
1235079248
1235077283
1235080344
1235071106
1234933227
1234619502
1235082235
1235076756
1235077037
2000201163
1234619512
1235071080
1235077494
1234623965
1235072997
1234618851
1234623063
1235081933
1235071805
1235078426
1234626164
1234927125
1235081279
1235323874
1235074076
1234626105
1234622760
1234624793
1234626556
1234625681
1235324018
1235324091
1234619270
1235073773
1234626133
1235073058
2000101297
1235078657
1234928933
1235072990
1235080683
1234626379
1235195059
1234927134
1235074623
1235323652
1234620304
1234928010
1235078425
1235202560
1235075143
1235082594
1235077755
1234626102
1234623458
1234626189
1235072037
1235078283
1235074884
1234623477
1234626984
1234625106
1234622935
1235078545
1235080506
1235078500
1235074209
1235074508
1235075117
1235187885
1235082501
1234619462
1235074955
1234931950
1235079576
1234622559
1235072852
1234624731
1235074213
1235071793
1234932962
1235082329
1234621627
1235199742
1235072483
1235075485
1235076750
1235073074
1234930231
1235072480
1234626561
1234627061
1235077750
1234620502
1234621340
1234622168
1235079685
1235076179
1235078616
2000032363
1235248654
1234618844
1234621567
1235194813
1235075200
1234626517
1234620548
1234931315
1234622896
1235081416
1234625654
1235071873
1235324162
1235074765
1234928027
2000166535
1234621589
1234622480
1234621039
1235198581
1234625158
1235080402
1235075324
1235072299
1234870367
1235082332
1235075594
1235078138
1235073012
1234627088
1234626303
1235074609
1234932317
1235324088
1234619113
1234623266
1234620871
1234619906
1235075250
1234933273
1234621381
1234625569
1235323614
1234623360
1234621280
1234620022
1235073133
1234932855
1235081119
1235075183
1235076839
1234625857
1235195651
1234623903
1234626374
1235074074
1234621206
1234626928
1235073734
1235071819
1234622934
1235081849
1234626318
1235081911
1235075541
1234620868
1235198276
1234625891
1234620951
1234621051
1235071803
1235323899
1235081457
1235072236
1234621005
1234621320
1235077611
1234619323
2000201136
1234622723
1235074978
1234625967
1234625354
1234626507
1235072687
1234932882
1235077882
1235081427
1235081845
1234623986
1234622426
1235073710
1234618777
1234619984
1234618619
1235074678
1234619267
1234619078
1234622269
1234618799
1234626267
1234932939
1235077072
1235079632
1235074485
1235075593
1234625294
1235323628
1234625696
1234623437
1234623472
1235324159
1235080656
1235082467
1235195899
1234930629
1235079415
1235071071
1235078014
1234626051
1235075978
1235071083
1234620139
1235071952
1235080864
1234621203
1235071692
1235073991
2000117683
1235071047
1235082623
1234621369
1235079650
1234928024
1235072225
1235080717
1234623497
1235072171
1234625613
1235075139
1234626359
1234621057
1234619302
1235079627
1234625599
1235188941
1235162618
1234626972
1235073908
1234620137
1235073746
1235078969
1234622884
1234618201
1234622684
1235324152
1234620856
1235077509
1235242438
1235073152
1234626206
1234619928
2000188285
1234930509
1234625044
1235071164
1235076554
1234622589
1235082190
1235080695
1234620761
1235081410
1234620774
1235075151
1234622312
1235077711
1235080096
1234928078
1235242210
1235074949
1234619508
1235075850
1234625852
1235073091
2000201097
1235071463
1234627067
1234624056
1235077886
1234619100
1235257105
1235323681
1235082182
1234622187
1235082104
1234618872
1234932385
1235080412
1235071785
1235074534
1235076818
1234619463
1235194260
1234619405
1234619456
1235071372
1235080651
1234623486
1234623582
1235077725
1234626207
1235071877
1234626401
1235077507
1235076547
1235078644
1235082448
1235071389
1234618437
1234618312
1234619905
1234626335
1235323887
1234625357
1234621294
1234931793
1234932311
1235079776
1235075997
1235078321
1235074556
1234621431
2000185492
1234925622
1235082464
1234620639
1235078784
1234626258
1235078423
1234928401
1234618966
1234620616
1234618516
1235074848
1234622927
1234931860
1235176603
1234625792
1235078968
1235323973
1235181269
1235071878
1234624014
1235082557
1235200297
1234621622
1235076451
1234621247
1235081701
1235080575
1235202471
1234619345
1234618761
1235323940
1234931885
1234623123
1234621468
1234618783
1234622603
1234619543
1235078382
1235073076
1234619360
1235082563
1234931996
1235072372
1234933250
1234930445
1235077660
1235201224
1234620225
1235076186
1234619737
1235073192
1235080438
1234626084
1234622569
2000109995
1234618563
1235070980
1234925076
1235080839
1234622831
1235323936
1234927220
1235073267
1235073090
1235080154
1234620258
1234928382
1235081061
1234620907
1234620053
1234621442
1235077653
1235078705
1234625228
1234620764
1235075044
1234620659
1234622511
1235080862
1235073832
1235324121
1234623904
1235079850
1234622194
1235070982
2000114850
1235074516
1235071398
1235071158
1234930479
1234619095
1235081718
1234620018
1235082761
1235082728
1234619642
1235073193
1234623478
1234625391
1235079597
1235188968
1234618614
1234624726
1234620032
1234618377
1234618311
1234621590
1234618730
1235323915
1234626537
1235242733
1235079728
1234928907
1234620217
1235194023
1234620591
1234619121
1234622596
2000139417
1234620914
1234622124
1235187769
1235080545
1234620089
1234625563
1234618441
1234623389
1234625924
1235080328
1235071747
1235074743
1234623473
1234626169
1235078434
1235082206
1235078815
1235200447
1235071719
1235071844
1235077501
1235079918
1235080368
1235080863
1235078135
1235072208
1235074519
1234933257
1235076916
1234625360
2000185482
1234619547
1234621599
1234625760
1234931338
1234621473
1234624774
1234625686
1234928408
1235194824
1234623496
1234620892
1235072540
2000188737
1235071808
1234626107
1235070973
2000139452
1234623572
1235073583
1234625084
1234870392
1235078877
1234619741
1234623616
1235072287
2000196062
1235077019
1235074997
1235079645
1234622529
1234623555
1235074846
1234626855
1234625566
1234619256
1234625420
1235072224
1234932951
1235081633
1234625497
1235202451
1235073119
1234627110
1235075180
1234619640
1235070952
1234621592
1235077046
1234932953
1235081542
1234618522
1235072071
1234627125
1234926990
1234622501
1235082168
1235078995
1234622491
1234620275
1235196070
1235078992
1234618753
1235079053
1234625425
1235072469
1235075468
1235242348
1234621462
1234622617
1234622571
1234626465
1234930034
1234627022
1234621445
1235076004
1235187700
1235194255
1234626229
1234619720
1235075298
1234625687
1234932329
1234623612
1235323634
1235079385
2000180741
1235071385
1234621216
1235082349
1235073779
1235075032
1235071714
1234626916
1234623506
2000113594
2000201135
1234926534
1234620386
1235080681
1235195625
1234618331
1235323647
1234621582
1235079748
1234621244
1234626130
1234620284
1235070924
1234620919
1234618818
1235324058
1235080354
1234618845
1235081414
1235196501
1235076181
2000114847
1235323692
1235071821
1235071479
1235074956
1235078766
1234625616
1234620343
1235324099
1235070958
1235082092
1235071864
1235187741
1234618706
1235077588
1234622704
1234627006
1235323844
1234622534
1234619542
2000110281
1234626451
1235242535
2000110274
1235082408
1235076736
1234619206
1234625509
1235074744
1235078702
1235080381
1235073989
1235082714
1234620479
1234622818
1235073569
1234928112
1235082277
1235076785
1235071919
1235203461
1235072559
1235072863
1234622533
1235324052
1235323843
1235080577
1234625515
1235081778
1234620805
1234622906
1235078308
1235203442
1235077062
1234619261
1234623438
1234620740
1235078292
1235079101
1235072566
1235078624
1235082452
1234620671
1235073788
1234622882
1235072707
1235194102
1234621536
1234627028
1234626999
1234626315
1235077119
1234618623
1235079768
1235075649
1234624030
1235071081
1234624039
1234624830
1234618523
1234625518
1234624849
1235071888
1234622768
1235192145
1235203225
1235071422
1235081932
1234618606
1234626104
1234932877
1234627151
1234622732
1235071559
1234619110
1234623821
1235082752
1235190389
1234870382
1234624935
1234625388
1235078701
2000189519
1234618517
1235077815
2000109968
1234618193
1234626880
1234625815
1234626120
1235078732
1234620016
1235073126
1234621458
1234931994
1234623531
1234625042
1235076642
1235079303
1235077029
1235071262
1234928007
1235079227
1235072209
1234625572
1235071896
1234926118
1235077865
1235073114
1234620714
1235078395
1235324105
1234621524
1234626848
1235081782
1234619271
1235078942
1234625976
1234929705
1235074581
1234625121
1234870412
1234870350
1235071833
1234620009
1235076732
1235077675
1235080440
1235079409
1234620543
1235080675
1235324048
1235072166
1234930319
1234625568
1234623043
1235082739
1235080614
1235242758
1234929078
1235324036
1235076910
1234618278
1234625198
1235168080
1234619102
1234619604
1234620023
1234927904
1234625991
1235072855
1234928049
1234620718
1235324150
1234623552
1234622518
1234619735
1234619561
1234623588
1234622541
1235200672
1235075668
1234624732
1234930031
1235079763
1234626879
1234928023
1235074598
1235078693
1235077510
1234622766
1235071745
1234933278
1235082348
1234618552
1235075875
1235079394
1234621258
1235076763
1234625617
1234619995
1234625522
1235323688
1235323991
1235071410
1234622833
1235078580
1235078402
1235203202
1235082164
1234620601
1234626284
1234623482
1235071869
1235082258
1235078952
1235071905
1234618251
1234625535
1234626004
1235077610
1235075877
1234621274
1235079301
1235081709
1234618903
1234621479
1235072706
1234618693
1234618671
1235078775
1234928738
1234622384
2000177590
1234620532
1235077067
1234926533
1234619247
1234926988
2000188274
2000110282
1235078615
1235081765
1235071149
1234625552
1234926285
1235079428
2000195085
1234618548
1235163593
1235240005
1235071259
1234621270
1235074483
1234932381
1234624033
1234625335
1234926545
1235187984
1235072459
1234620947
1234619577
1234625581
1234625629
1234622734
1235072233
1234930108
1234623877
1235077724
1235071090
1235082508
1235078855
1234619054
1234618238
1234623470
1235075197
1235075999
1235081732
1234619164
1234625657
1234623930
1234621402
1234932463
1234618584
1235187884
1234623828
1234621564
1235076641
1234622542
1234626334
1235072615
2000180743
1235073827
1235245214
1235071082
1234619350
1234627009
1235071835
1234620295
1235082456
1234626135
1235324085
1234932943
2000117649
1235072463
1235077493
1235079038
1234625134
2000192395
1235323847
1235194346
1234626840
2000214089
1235076902
1234623990
1234622147
1234620191
1234618800
1235077041
1234619443
1234620270
1235078381
2000118606
1235078935
1234623479
1235082354
1235073115
1234619830
1234620654
1234621469
1235071865
1235071480
2000201142
1234626943
1235079435
1234927935
1234624057
1235323835
1235081726
1235073297
1235082352
1234931854
1234622631
1234626073
1235324183
1234622641
1234626457
1235074867
1235077875
1235082201
1235077955
1234619001
1234623556
1234926690
1235075033
1235189008
1235081538
1235241973
1235072849
1235076751
1235072580
2000201098
1235078386
1235080113
1235072273
1234627121
1234618261
1235080540
2000192389
1235082476
1234627045
1235082147
1234620568
1235073004
1235071209
1234623024
1234626892
1235323608
1234618647
1235194212
1234620499
1235324027
1234619136
1234622493
1235078473
1234625119
1235082180
1234623994
1235248648
1235079002
1235073128
1234928406
1235323829
1235323572
1235074766
1235072500
1235075878
1235082181
1234626462
1235073262
1235324175
1235078721
1234627095
1235072349
1235079887
1235071687
1234929450
2000201161
1235075003
1235073155
1235075655
1234622920
1234619376
1235081733
1234928029
1234627010
1234621519
1235076737
1234925733
1235073823
1235075531
1234622806
1235079016
1234618541
1234623429
1234625791
1235079695
1235323994
1235071996
1235077947
1235071138
1234626844
1234622498
1235077689
1234620640
1235199228
1235076560
1235074551
1234622812
1234620528
1235070953
1235071405
1234619829
1234620890
1235073661
1235081551
2000032362
1235074512
1234620194
1235072453
1234618738
1235199746
1235072058
1235078943
1234622188
1234619126
1234618810
1235072751
1234620041
1234619089
1234620629
1234623887
1234930276
1234622769
1235082790
1234625969
1234626185
1235077503
1234618786
1235073521
1234619918
1235073696
1234623065
1235082299
1234625819
1235079437
1235071684
1235074774
1234626396
1235324013
1234621647
1234618568
1234619401
1234929491
1235073968
1234626535
2000109981
1234625905
1235071384
1235079879
1235242261
1234620063
1235075029
1235080150
1235081639
1235075876
1234619713
1234625100
1234620047
1234870393
1234622499
1235202727
1235078631
1235198569
1234620549
1234622736
1234622229
1235079359
2000097999
1234621671
1234624008
1235203871
1234618762
1234622186
1234623998
1234618690
1235073833
1235079729
1234619183
1235078435
1235079852
1234927903
1234623991
1235073210
1234932004
1235078646
1235072601
1234623133
1235071196
1235071665
1234621709
1234626046
1234622289
1234623889
1235080121
1235324112
1235079423
1234621243
1234625726
1234927139
1235072755
1234625738
1235080417
1234928111
1235081866
1235072217
1235077080
1234624020
1234625408
1234621711
2000192379
1235167485
1234931616
1235071689
1234932947
1235074801
1235071039
1234927575
1234619623
1234618846
1235078819
2000185483
1234626255
1235071809
1234620323
1234625604
1235242630
1235074605
1235073593
1234618296
1234620953
1234626221
1235073233
1235073519
1235195002
1234621444
1235071131
1235073505
1235072197
1234625525
1234618266
1235075235
1235080620
1235075563
1234626369
1235078979
1235072476
1235081889
1235072516
1235079485
1234627152
1234625839
1234626393
1235071012
1234623992
1234619925
1235323662
1235082782
1235074092
1234621517
1235079742
1235071818
1235079109
1235082619
1234624831
1235072249
1235077652
1235076922
1235194846
1235079791
1234623934
1234931240
1235072941
1235078915
1234622474
1234622669
1235075823
1235072504
1235078387
1234624806
1235082341
1234624086
1234619927
1234622144
1235079408
1234621236
1234618607
1234619936
1235073683
1234622754
1235080147
1234619897
1234619637
1235079725
1235079562
1235073269
1234620102
1234623388
1234621291
1235072245
1234621027
1235242320
1235079302
1234927580
1234622122
1234623430
1235078787
1234623048
1235074999
1235076786
1234619265
1234619141
1234932014
1235077033
1234621511
1235324165
2000180325
1235078589
1234928741
1234620921
1235074462
1235080425
1234620332
1234930201
1235073154
1234619348
1234623567
1234932949
1234930294
1234619383
1235072569
1235071370
1234626538
1234618323
1235079844
1234621229
1234623524
1234626072
1235070959
1234621302
1235081737
1235072252
1235080571
1235080557
1235070929
2000187771
1234623074
1235079411
1234624834
1234621521
1235196006
1234618401
1234625393
1235074558
1235081280
1234625149
1235082718
1235078950
1235081131
1235074036
1235075533
1235074151
1234621632
1235080534
1235074069
1234626238
1234623442
1235074035
1235071140
1234932448
1235074842
1235081907
2000196065
1235071598
1235078401
1235082360
1234622487
1235078945
1234622805
1234620489
2000185487
1234621600
2000187893
1234623574
2000201154
1235196654
1234619048
1235189106
1235071122
1234625588
1235071511
1235078638
1235071121
1234620668
1234932318
1234618613
1234623568
1235079417
1234625049
1235071010
1234626286
1234623995
1235082720
1235200637
1235078727
1235323815
2000207592
1235323731
2000201157
1235074075
1235075567
1234620498
1234622472
1234932002
1235079217
1234619935
1234620748
1235079450
1234622156
1235072196
1234623581
1235078919
1234619300
1235071457
1235082127
2000165725
1235072156
1235324097
1235080360
1234624868
1234620875
1234621067
1235073107
1235082515
2000139462
1234623577
1235074914
1235077646
1235240027
1234620472
1235071850
1235188826
1235077047
1235082472
1235075112
1235242257
1235196064
1235075853
1235074544
1234620305
1234622735
1235076841
1235081850
1234619991
1234625743
1235074525
1234619576
1235077125
1234626103
1235075483
1234623733
1234626115
1234625285
1234621631
1234926542
1234622758
1235078875
1234621230
1235081921
1234620534
1235079293
1234928008
1234625990
1234620795
1235083225
1235071440
2000188592
1234619607
1234624810
1234926629
1235078527
1235076441
1234625981
1234619504
1235077280
1235081870
1235074022
1235077742
1235082702
2000118596
1234622649
1234623127
1235078393
1234620700
1235082302
1234622267
1235070987
1235078735
1235196678
1235071887
1235082783
1235078793
2000201146
1235081892
1235079484
1235242623
1235075004
1235242269
1235071004
1235071564
1234620315
1235076768
1235079884
1234618781
1235079089
1235324069
1234929513
1235187705
1235076001
1235079558
1235078856
1235073156
1234626168
1235071265
1235072581
1235081514
1234621532
1234622464
1235071462
1235080573
1235081653
1234882668
1234620882
1235075465
1234618630
1235075985
1234931856
1234624950
1235079724
1235082620
1234625378
1235162117
1235072641
1234623031
1235079490
1234930943
1234619071
1235203699
1235072838
1234621410
1234618666
1235073466
1235073627
1234620201
1234618226
1235079351
1235079780
1235074555
1235242736
1234930446
1235242353
1235075237
1234885149
1235073994
1235324089
1235081062
1234621316
1235075993
1235081282
1234928390
2000205938
1235078464
2000107907
1235075525
1234621350
1234626312
1234618264
1234620021
1234619134
1235073159
1235074987
1234622595
1235323636
1234624794
2000201166
1235323983
1234618268
1235074031
1235075889
1234928030
1234932945
1235074498
1235323653
1235080525
1234929050
1234928000
1235074862
1235080443
1235072194
1235077746
1234625984
1235074877
1235072206
1234928385
1235250706
1234619057
1234619615
1234618367
1234619723
1234618279
2000202760
1234620779
1235080716
1235324032
1234619133
1235082179
1235202559
2000188784
1234625305
1235202732
1234930444
1234619296
1234621321
1234619017
1234622230
1235082066
1234930378
1235191256
1235194033
1235071568
1234930545
1235079307
1235082604
1235070963
1234619826
1234621371
1234622930
1235080134
1234621240
1234618829
1235074733
1234928034
1234926587
2000139130
1235076909
1235077756
1234625288
1234618707
1234620872
1235077870
1234624170
1235195979
2000196066
1234626323
1234622875
1235077500
1235073176
1234621267
1234625701
2000196055
1234627053
1235080345
1234623610
1235072754
1234930425
1234619459
1235072452
1234625105
1234622219
1235077996
1234626357
1234622137
1234622690
1235076918
1235071585
1235071830
1234622700
1235079747
1235079765
1234928021
1234620647
1235079591
1234627036
2000113591
1234625271
2000114919
1235073660
1234624172
1234625795
2000204899
1235323616
1234621029
1235077025
1235071432
1235073663
1234625703
1235072230
1234623503
1234626080
1234928020
1235078907
1235077677
1234625979
1235079843
1234618445
1235075973
1235081428
1235077998
1234626242
1235075199
1234620707
1235077619
1235071602
1234619235
1235082198
1235071679
1234623729
1235078901
1234625539
1234625762
1235079003
1235078843
1235196888
1235074027
1235082600
1235077039
1234620288
2000118600
1235080194
1235076805
1235242401
1234618725
1235073585
1234619505
1235323993
1235078731
1235081868
1234626240
1235323867
1235071920
1235194998
1235075846
1235324093
1234619732
1234623673
1234619707
1235073985
1235075500
1234626993
1235197504
1235072996
1235324073
1234618361
1235323951
1235195053
1235324060
1234931617
1234618771
1235082727
1235071156
1235081869
1235079390
2000110280
1235078508
1235073897
1235071056
1235195517
1235071863
1234625087
1235071157
1235079296
1235323744
1235072711
1234625410
1235078930
1234925623
1235078661
1234622606
1235072456
1234621406
1235242256
1234929798
1234620780
1235081905
1234621398
1235077496
1234619675
1234619149
1235082749
1234625748
1235079086
1235073817
1234928977
1234620273
1234620011
1234621434
1234623752
1235074533
1234618850
1234623338
1235077950
1235079050
1234620733
1234621416
1234625982
1234618212
1235073922
1235077272
1235076607
1235075657
1234626397
1235078542
1235073589
1234618948
1234622153
1235073732
1234626536
2000201140
1234930606
1235070930
1234626243
1234618222
1234624062
1234621355
1235323946
1234620227
1235071404
1235078628
1235073146
1234620261
1234623498
1235075005
1235323872
1234931593
1235071188
1234625412
1235079401
1234619182
1234930022
1234623928
1235071941
1235079942
1234621011
1234619257
1235078491
1234621059
1235073187
1234621090
1235078419
1234870371
1235071244
1235071425
1235077810
1235071424
1234618545
1234624055
1234625652
1235075182
1235082466
1235323884
1235074170
1235187753
1234870355
1234621395
1234618428
1234928047
1235072709
1234624926
1235082196
1235072743
2000201101
1235072159
1235194831
1234623734
1234624873
1235082265
1234618897
1235081057
1234623468
1234624714
1235187732
1234622554
1235071397
1234621513
1234621604
1234623088
1234621435
1235076800
1235250708
1235080868
1234619137
1235071510
1234621512
1234621019
1235078515
1234933272
1234624032
1234930189
1235071539
1234919077
1235082069
1234619160
1235072867
1235194583
1234627046
1234620787
1234621438
1234619740
1234618436
1235073555
1235075569
1235323963
1234622193
1234928055
1235324155
1235074898
1234931241
1234619399
1235073158
1234619174
1234618624
1234618358
1234929331
1234626263
1235081787
1235082308
1235081065
1234619628
1234930688
1235079904
1234624693
1235080542
1235079886
1234620129
1234618824
1234618506
1235078738
1234624822
1235188834
1234623684
1235077042
1235324122
1235076766
1234622313
1235080429
1235081848
1235073308
1235079252
1235323863
1234618564
1235082531
1235324188
1235081945
1234620865
1234618342
1234927578
1234626927
1234932315
1234619231
1234620836
1235324140
2000110251
1235242142
1234618609
1234929917
2000114915
2000155691
1234626391
1235073749
1235324057
1235075979
1235082832
1234618327
1234933231
1234928088
1235082380
1234625536
1235081717
1234621476
1234627040
1234626204
1235071518
2000187896
1235073754
1235070957
1235196075
1235070911
1235081092
1234870351
1234620860
1234626931
1235074768
1234621509
1235071558
1234624503
1235075134
1234620338
1234931687
1234627060
1234621220
1235080420
1234870401
1235080439
1234870420
1235074489
1235077055
1234622724
1235074212
1234928387
1235071147
1234623797
1234619413
1234619233
1234625048
1234627033
1235078617
1234619107
2000109997
1235196155
1235082187
1235323603
1234623652
1234932484
1234623488
1234619318
1235072060
1234622505
1235081786
1234621250
1235074936
2000118609
1234929999
1235075482
1234620525
1235079005
1234619060
1235075495
1234625750
1234618374
1235245461
1234626601
1234626600
1234623660
1234619889
1235072722
1234619895
1235082617
1234932464
1234620109
1235073285
1235073759
1235324163
1235323965
1235181270
1235070916
1235075239
1235075184
1234621225
1235079781
1234930327
1235081636
1234928402
1235071073
1235071792
1235073566
1234928633
1235079855
1234618766
1234623647
1235242344
1235072048
1234618979
1235072266
1235071861
1235082140
1234620628
1234932212
1235074886
1234624931
1234624942
1235081283
2000115070
1235076552
1235073221
1235073094
1235072499
1235082826
1234618792
1235075209
2000195025
1235082813
1235079744
1235074495
1234623929
1235072457
1235073172
1234626266
1235080122
1235081871
1235072069
1235081663
1235078011
1235082723
1235323821
1234626123
1234622868
1234928104
1234621449
2000201058
1235079418
1234620939
1235070931
1234623505
1234623670
1234618945
1235079304
1235079914
1235082556
1234626227
1235080879
1234622488
1234618803
1234624871
1234624063
1235187768
1234619899
1235082353
1235168455
2000102671
1235077735
1235077708
1234930492
1234930822
1234624012
1234620040
1235073726
1234620140
1235077717
1234618435
1234621610
1234626093
1235072507
1235071545
1234932961
1235074456
1235076804
1235071664
1234622142
1235080699
1235082536
1235323687
1234930232
1235080713
1235082337
1235202458
1235245798
1235072542
1235082225
1234625886
1235324024
1234932940
1235081824
1234624054
1234618852
1234618582
1235079367
1235075672
2000201162
1235078592
1235079033
1234928471
1235072168
1234622503
1235077043
1234927998
1234621318
1235073531
1234624779
1235075259
1235075187
1234622731
1235323998
1235077068
1235073236
1235078598
1234623339
1235082223
1235071165
1234933256
1235079766
1234929079
1234618770
1235082537
1235071270
1235073553
1235074458
1234625562
1234622158
1234620719
1235194845
2000201158
1234618714
1234623028
1234620637
1235073523
1235076742
1235073522
1234622707
1235078711
1235189094
1235075864
1235072871
1235072560
2000201100
1234933230
1234621593
1235080442
1234625682
1234620077
1235077999
1234932370
1235079452
1234621683
1235080544
1235188906
1234618232
1235071261
1234930496
1234870357
1234627041
1235071916
1234620898
1235240009
1234620272
1234623469
1235078583
1235077126
1235076183
1234621287
1234626230
1234625975
1234620843
1235078384
1234625810
1234625988
1234618612
1234930542
1234620760
1234620208
1235079506
1234626567
1235074972
1234626837
1235196547
1234622814
1234625380
1234932384
1234927235
1235073582
1235074116
1235323629
1235071662
1234623516
1235079587
1234621464
1235077817
1235070950
1235072485
1235070960
1234618644
1234627094
1234618267
1234933274
1235071388
1234625400
1235073305
2000117658
1234627037
1234623073
1235075128
1235076746
1235071407
1234619264
1235076797
1234621581
1234622553
1235074907
1235082822
1235079421
1235078002
1235071481
2000032364
1234618547
1235082091
2000165723
1234928989
2000204904
1234625580
1234619519
1234625796
1234619187
1235073311
1234620604
1234626200
1235082558
1235079199
1235242655
1235190648
1234618807
1235077049
1235079640
1234618944
1235079880
1235074726
1234622902
1235073577
1235071474
1235079397
1235081741
1235074518
1235075208
1235080616
1234870415
1234619379
1234620330
1235071600
1235082543
1234626891
1234622225
1234619708
1234621432
1234619664
1235082624
1235082848
1234925684
1235072970
1235073002
1235188873
1235082227
1234622163
1235077004
1235076881
1235071415
1235074965
1235324071
1234621460
1234621594
1234618629
1235072730
1234623365
1234618294
1234622679
1235072263
1234932349
1234626071
1235074172
1234928947
1234928405
1235078296
1235324173
1235079833
1235196018
1235242594
1234623058
1235078632
1234620806
1234618656
1235075856
1234925628
1235078653
1235080359
1235074847
1234928025
1234619831
1234870380
1234626327
1235323625
2000118605
1235323886
1234620494
1235075325
1234622717
1235078881
1235072514
1234626969
1234625587
1234622376
1234618848
1234618769
1234625804
1234928443
2000196067
1235071503
1235071690
1234932372
1235080610
1234620029
1235072377
1235080650
1235075444
1235199771
1234625422
1235079108
1235072284
1234619930
1235072848
1234625532
1235082183
1235078427
1234620026
1235074967
1234928395
1234930329
1235071660
1235075227
1235074044
1235070981
1234620683
1235072942
1235081823
1234626118
1234618542
1235071718
1235074160
1235072153
1234623130
1234618964
1234625396
1235195728
1234625361
1235075572
1234606211
1234931862
1234619920
1234621315
1235323586
1234621397
1235074940
1235073829
1235073520
1234618875
1234619886
1235081910
1235071823
1235075123
1235196933
1235073116
1235080151
1235073586
1234625517
1235248630
1234620524
1234619833
1235078848
1234623586
1235078409
1234621399
1235076836
1235077726
1234620704
1234932323
1235081262
1235077719
1234621272
1235324134
1234621368
1235073461
1235081009
1234623415
1235074843
1234621584
1234624093
1234623827
1234623884
1235080677
1235078405
1234622744
1235196053
1235071552
1235081292
1234626132
1235081659
1234620269
1234621097
1234620311
1235073923
1235072524
1234625768
1235078482
1235079022
1235082631
1234623462
1235074928
2000113095
1235073265
1234619510
1235323838
1234618876
1234627089
1234928742
1234624946
1235082269
1235073237
1234928019
1235075148
1235075248
1234623060
1235324098
1235168429
1235079094
1234621555
1234625632
1235079537
1234620092
1234625998
1235202416
1234618535
1235082560
1234620696
1234626045
1234619672
1234625921
1235070946
2000114911
1234620314
1235070979
1234619847
1235078629
1235082106
1234619116
1235075142
1234625555
1234623600
1234620958
1234931330
1235078776
1235081264
1234624048
1235082205
1235073631
1234618830
1235203812
1235078284
1234618554
1235194826
1234618904
1235072501
1234625381
1234627008
1235080528
1235076640
1235082199
2000188467
1235074868
1235071194
1234930552
1235079688
1235073073
1235078277
1234928393
1234618375
1234626269
1234624796
1235081647
1235073701
1234931328
1234930033
1234626224
1234621417
1235082850
1234619769
1235194817
1235074484
1235074474
1235071589
1235077937
1235074703
1234623858
1235323683
1234929080
1235168459
1235080617
1235071403
1235080111
1234618659
1234623988
1234621212
1235071143
1235074492
1235071107
1235071468
1234620912
1234620924
1234626515
1235242395
1234623034
1235071491
1234624038
1234621043
1235076762
1235077847
1235070909
1234620712
1235196959
1235079232
1235074513
1234626504
1234619015
1235324042
1235078769
1235080152
1235079539
1234626338
1235075992
1234623795
1234624735
1235324080
1235324003
1235078655
1234620088
1235071382
1235323818
1234622608
1234622185
1235074034
1235071586
1234929354
1235076534
1235082204
1234619530
1234929918
1234626262
1234619151
1235078397
1235074394
1234619427
1234625582
1234619937
1234623685
1235080547
1235080109
2000114856
1234931331
1235072510
1235078390
1235323605
1234624804
1234625186
1235079255
1234624811
1235071890
2000097996
1234626101
1235195060
1234620852
1234619985
1235078378
2000110019
1235075543
1234930414
1235071086
1234619786
1235074210
1234622862
1235079201
1235075164
1235073138
1234627153
1235072296
1234624936
1235078983
1235075974
1234621537
1234623536
1234626392
1234623464
1235194973
1235071708
1235082268
1235078389
1235072184
1234931881
1235073117
1234619989
1234623501
1235071872
1235079234
1235074487
1235081704
1235082753
1235071253
1235073238
1235082649
1235075282
1235079905
1235076546
1234620941
1234621510
1234622922
1234626153
1235199729
1235082228
1235323740
1234626506
1234618356
1234929512
1234928396
1235078431
1234625369
1234625307
1235077674
1235071526
1235078765
1234927432
1235323834
1235075192
1234929683
1235071657
1235080627
1234929376
1234621470
1234621403
1235074215
1235197456
1234623070
1234929068
1235072869
1235077879
1234930240
1234932254
1235075464
1234623906
1235078509
1235073508
1234622770
1235324142
1235080159
1235081116
1234619375
1235080349
1235076551
1235077036
1234624692
1234626235
1235074032
1235083223
1235080691
1235071249
1235077876
1235081934
1235072462
1235081775
1235074559
1234626975
1235074173
1235323794
1235323889
2000139451
1234622729
1235081533
1234625783
1235248641
1234623627
1234622228
1234618546
1235075292
1234930551
1235073576
1234621539
1234618559
1234621506
1234621034
1234623528
1235074897
2000185486
1235072155
1235076826
1234929704
1235073102
1235079381
1235324059
1234620017
1235082647
1235079427
1234621209
2000195876
1235082283
1234621404
1234626859
1234621682
1234626834
1235202760
1235079242
1235241972
1234929042
1235075125
1235200045
1234625812
1235074891
1235071845
1235081743
1235082252
1235073105
1235323975
1234932009
1234932279
1234619200
1234930483
1234623605
1234622145
1235077729
1235072369
1234870356
1234870410
1234618381
1235076806
1235073667
1234931236
1235073157
1234624047
1234618190
1235082775
1234621366
1235324096
1234621050
1235076446
1235072693
1235081247
1234621297
1235079923
1234933248
1234620630
1234619888
1235078537
1234622885
1234622543
1234626843
1234624695
1235082586
1235075249
1235071697
1235076811
1234928011
1235079883
1235324076
1235081699
1235076530
1235242235
1235073665
1234621285
1234619282
1234928903
1235324067
1234618283
1234620199
1234619223
1235250710
1234621375
1234620676
1234621437
1234621358
1234625382
1235079334
1234620675
1235079350
1235078136
1234621202
1235079032
1234623937
1235081903
1235082608
1235074481
1235081674
1234625610
1235080519
1234626186
1235079643
2000109967
1234932250
1235082253
1235162662
1234623494
1235071093
1234626929
1234627031
1234624945
1235075043
1235082401
1235082242
1235080371
1234932880
1235078840
1234626508
1234622695
1235075140
1234625316
1235080707
1235073840
1235078611
1235071795
1234626572
1235079391
1234621507
1235074494
1234622149
1235199773
1234622730
1235075034
1235202466
1235079246
2000192378
1234626193
1235073476
1235323873
1234621688
1235079448
1234621551
1235071433
1235071854
1235082847
1235242281
1235199245
1235071435
1234930351
1235073100
1234618440
1234619385
1234625367
1234619397
1234618972
1234870377
1235071866
1234623812
2000187769
1234928389
1234622181
1234624850
1234625039
1235075189
1235077007
1234930612
1234618500
1235072268
1235323716
1235075149
1234619592
1235074099
1235079200
1234622647
1234618842
1235079352
1234626883
1235081418
1235080837
1234622136
1234870402
1235196038
1235324083
1235079495
1235072618
1235323595
1235080654
1234620551
1234620964
1234621264
1235082788
1234622710
1234618849
1234625392
1235072464
1235077032
1235323967
1235323698
1234620906
1235071832
1234626520
1235074167
1234618230
1234620540
1234930411
1235071123
2000155693
1235071904
2000205470
1234929611
1234625800
1234932008
1235079692
1235079953
1234622164
1235075243
1235080714
1235075238
1235074600
1234931237
2000180288
1235082325
1235076175
1234625137
1234625516
1234620879
1235082637
1235323607
1234619835
1235079734
1234930164
1235082592
1235080490
1235075535
1235080609
1234619065
1234623033
1234625964
1235323930
2000187868
1235079641
1234619997
1234621427
1235073185
1235074747
1234930610
1234626333
1234622305
1235081913
1234626573
1235074866
1234926311
1235075181
1234619305
1235071427
1235187721
1234929878
1234619403
1234622583
1235070955
1235071583
1234622654
2000117648
1234625356
1234625761
1235073112
1235082701
1235189123
1234930274
1235248639
1234932391
1235075055
1234624798
1235073057
1235324103
1234622396
1234622178
2000180326
1234620115
1235071870
1235079711
1235072760
2000114853
1235077620
1235073906
1234623417
1235072611
1234623385
1235323985
1234932423
1235163632
1234626002
1234931990
1235074490
1234618353
1234621390
1234620324
1235073072
1234622562
1235079815
1234932007
1235074938
1235071058
1235073987
1235081914
1235071997
1234619811
2000188785
1234620052
2000109980
1235070895
1235078195
1234626521
1234625128
1235078763
1234618763
1235324111
1234933266
1234623025
1234620028
1234927224
1234926302
1234621083
1235070945
1234626343
1235194213
1235074985
1235324043
1234624792
1234623561
1234618282
1234623476
1235071246
1235079577
1235082821
1234619939
1235079507
1235073257
1234622881
1235070975
1234619983
1235082307
1235076775
1235082830
1235081843
1235081838
1234619381
1234620631
1234622698
1234622879
1234626261
1234625858
1235077647
1234620557
1235324006
1234928905
1234625747
1235082699
1235203681
1235187117
1235074745
1235073828
2000180328
1234932881
1235078408
1235072938
1234619912
1234930335
1235082233
2000186677
1235081916
1234931345
1235072977
1235323761
1235323920
1235079047
1234619566
1234929509
1234618622
1234620353
1235071369
1234619230
1234931991
1234621451
1235073103
1235078742
1235074019
1234625290
1234618870
1234620513
1235075000
1235075211
1235323893
1235079916
1234930180
1235323877
1235073672
1235323623
1235075553
1235078709
1234621207
1234619828
1235072512
1235071152
1235078967
1235323670
1235077048
1234926276
1234930554
1235082478
1235071787
1235080119
1235324031
1234623792
1235079407
1234623270
1234620945
1234622497
1234932967
1234620766
1235071939
1235075131
1235324008
1235077116
1234621022
1234618593
1234621441
1235073551
1235323914
1234621277
1235080518
1234625328
1235075118
1235072744
1235081736
1234623512
1234870421
1235194953
1235074545
1235071670
1235080533
1234618329
1235080509
1235202521
1235080514
1235323970
1235072945
1235324062
1235323754
1235073199
1235075312
1234621268
1235071576
1235324137
1235073969
1235078728
1235082468
1235168086
1234626363
1234620268
1234622689
1235072455
1234624772
1235074023
1234627049
1234619461
1235072737
1235081799
1234620034
1235071260
1234623609
1235323582
1234620904
1235078623
1235071515
1235072212
1235074561
1235256898
1235079298
1234621214
1235071561
1234625995
1234621263
1234626159
1234621598
1235075447
2000118599
1234623573
1235075138
1235196557
1235078643
1234619929
1234618980
1235080110
1235074902
1234928091
1234620195
1235073638
1234625660
1235081710
1235075188
1235077858
1234928026
1234927222
1235323689
1235082797
1234623081
1234626013
1234625409
1234928950
1235323762
1234623448
1235078399
1235082093
1234624927
1235070908
1235072165
1235077825
1235073512
1234626403
1235324151
1235081266
1235199185
1235075556
1234622594
1235073099
1234928946
1234930273
1235080556
1234619440
1234619697
1234619111
1235071040
1234627059
1234620354
1234620123
1234620545
1234626503
1235324038
1234927593
1234622560
1234618790
1234626127
1234621221
1235081138
1234619272
1234626022
1235202812
1235079581
1234622131
1234620037
1235075190
1234626209
1234625554
1235071493
1235078469
1235073739
1234926494
1235074216
1234626131
2000139424
1234618314
1234623427
1234931125
1234928736
1234620751
1235082568
1235080162
1234622395
1235195730
2000186613
1235071470
1234621471
1235080555
1234623353
1234625069
1235073212
1235072699
1235196406
1234618796
1235201859
2000201102
1234926219
1234930423
1234619351
1234619229
1234623087
1234622633
1235071214
1234619473
1234618431
1235323760
1234929048
1234625295
1234928069
1234625326
1234622933
1235082197
1234621534
1235199206
1234926544
1234622540
2000196056
2000203135
1235195480
1234622739
1234622883
1234621249
1234622699
1235074718
1235080823
1235078953
1234618330
1235072228
1235324160
1235323733
1234931796
1235082759
1235079413
1234929384
1234624005
1235074114
1235072596
1235076749
1234928012
1235082603
1235076439
1234623367
1235082237
1235081795
1235082334
1235078474
1234626872
1234931343
1235082126
1234626068
1235075980
1234618881
1235075678
1235074150
1234932948
1234620993
1235072191
1234619191
1235078285
1234619002
1234618333
1234625787
1235074499
1235079270
1235075986
1235188860
1235078293
1235324102
1234621234
1234620512
1234624683
1235257224
1234618192
1235082768
1235081417
1235077112
1235242685
1234622315
1234933226
1234925735
1235079560
1234619626
1235080358
2000201134
1235078680
2000205173
1235080539
2000114916
1234933238
1235080336
1234619378
1234618553
1234622813
1234626918
1235075561
1235071271
1234620789
1235072389
1235078587
1234622692
1234621257
1234622227
1235082809
1235071508
1235074875
1235082511
1235079362
1235323996
1235072478
1235071197
1234618368
1235195183
1235075682
1235073653
1234622655
1234620364
1234619142
1235080177
1235187795
1235072173
1234618655
1234927111
1235196580
1234618580
1234624071
1235196074
1235074746
1234618384
1235082194
1235196734
1235076758
1235075977
1234622911
1234620555
1235196742
1234870395
1234620608
1234621450
1234618286
1234623658
1234625312
1235080441
1235079741
1234930315
1235081929
1235078939
1234622681
1235071603
1234618677
1234618748
1235199255
1235077028
1235073691
1234624762
1234622747
1234626139
1235073160
1235203175
1235076536
1235081935
1234618304
1235081661
1235323891
1234619169
1235076538
1235323620
1235072247
1234619409
1235082100
1235081730
1235076170
1234618636
1235071119
1234626300
1234624090
1235078563
1234620985
1234626868
1234619068
1234619601
1235078311
1235071725
1235073806
1235187686
1235324101
1234626994
1234626926
1234930337
1234620073
1235081900
2000201151
1234619711
1234623525
1234620358
1234623727
1234622385
1234621459
1234621421
1234619644
1234931144
1234622485
1235081543
1234885151
1234625816
1235071669
1234623817
1235195645
1235071705
1235072988
1234619170
1234619281
1234622877
1234929511
1234618235
1235199208
1235082634
1235081115
1235081013
1234626509
1234624168
1234621317
1235078920
1235074887
1235072118
1234619168
1235194367
1235077492
1235071722
1235072976
1235081950
1234622375
1235083492
1234621227
1235073686
1234926532
1234622226
1235199209
1235074869
1234620379
1235189527
1235078318
1235082518
1234618968
1235075592
1235080584
1235071666
1235079565
1234618521
1234928737
1234932398
1234618772
1234620938
1235078307
1235077949
1234882659
1235078972
1235324147
1235078916
1235080585
2000187397
1234620855
1234626171
1235076798
1235072677
1235079936
1235082261
1234618708
1234618249
1235081857
1235082629
1234618534
1235324123
1235071739
2000165727
1234926958
1234619373
1234931271
1234926588
1234625821
1234620286
1234618227
1234622740
1235199157
1234624894
1234623880
1234622504
1234618784
1235078555
1235071120
1234625321
1234626302
1234623461
1234618638
1235078496
1235082528
1234620090
1234625118
1235323596
1235192134
1234623370
1235078298
1234619891
1234619251
1235080367
1234623490
1234619000
1235073309
1235077624
1235079410
1235074517
1234623431
1235073101
1235082188
1234930376
1235075995
1235071079
1234619244
1234622694
1234622727
1235076583
1234621433
1234624035
1234929039
1235072837
1235194577
1235323846
1235072548
1234620949
1234620133
1235079873
1235072568
1235078595
1234625185
1235074106
1234622545
1234626128
1235078777
1235082770
1235075147
1234619209
1235074554
1234622307
1235075492
1235073735
1234619333
1234621210
1234618826
1235074476
1234621273
1235081940
1234627062
1234625729
1234619934
1234622576
1234620922
1234927225
1234931861
1235192711
1235202770
1235073298
1234623665
1235079389
1235082359
1235075054
1234626268
1235079634
1234930469
1235071605
1235073731
1234622682
1235076522
2000180329
1235082165
1234931863
1235074040
1234620954
1235082793
1234625606
1234620079
1234625628
1235070972
1234618566
1234932462
1234618596
1235250707
1235071655
1235079573
2000201165
1234625397
1235194259
1235075526
1234620049
2000113592
1235073836
1234625758
1235072474
1235073818
1235072229
1235242140
1234622536
1235076747
1234620744
1234625423
1235078633
1235071990
1235078677
1234622167
1235323962
1235075052
1234621204
2000177591
1234931417
1234620076
1235071898
1234620699
1234625097
1234619050
1234619537
1235075198
1234618660
1234622607
1235079586
1235082735
1234624050
1234625324
1234620152
1235071686
1234623636
1235075170
1235078297
1234930372
2000118601
1235077060
1234619606
1234623613
1234928043
1235074125
1234623082
1234619546
2000204864
1235078674
1235323911
1234623357
1234619557
2000180742
1235071695
1234626134
1234619851
1234620106
1234623453
1234625763
1235071522
1235075461
1234619586
1234625376
1235082278
1234623502
1234933156
1235164449
1235071824
1235077738
1235080489
1234625286
1235079336
1235323814
1234622139
1234625954
1235082191
1235080596
1234930375
2000166517
1235082779
1235081411
1234618843
1235323746
1235074736
1234623489
1235075528
1234619176
1234622887
1235080822
2000204861
1234931618
1235074117
1235077516
1234620329
1235072269
1234625152
1234624163
1234930275
1235074854
1235074203
1235071674
1235081847
1234627055
1234620569
1235070965
1235072218
1234620832
1235080698
1235080120
1234623902
1234623575
1234932941
1235081826
1235079566
1234618383
1234625155
1234619347
1234625322
1234624065
1235077816
1234621266
1235324049
1235073315
2000201105
1234623836
1235081130
1234621040
1235075527
1235199156
1234625427
1235191627
1235075311
1234927117
1235071042
1234623985
1234619896
1235079535
1235071841
1235077114
1234626574
1234928006
1235256891
1234623134
1234626523
1234620635
1234927581
1234621282
1235072183
1235070901
1234625187
1234626182
1234619058
1234622510
1234621275
1234626092
1234624930
1234618682
1234622815
1235072460
1235072672
1235077031
1235079380
1234618773
1235078790
1235071794
1234619827
1235324187
1235162616
1235071856
1235076418
1235079489
1234930314
1235075049
1234619362
1234625173
1234928058
1234626184
1235073149
1235074097
1234627078
1234619548
1235078543
1235196762
1234622820
1234626138
1234618939
2000114922
1235072864
1234620546
1234618934
1235074889
1235073730
1234927133
1234625390
1235071535
1234927245
1235077023
1234626329
1235074536
1235079917
1235079851
1234620141
1234623515
1235080663
1235071698
1234618380
1234927136
1234619531
1235071144
1234932942
2000202603
1235076174
1234626371
1234623683
1234620633
1235079544
1234623460
1235323850
1235241971
1235201854
1234618438
1234623376
1235077696
1235072667
1235080912
1234870403
2000107887
1234621721
1235082559
1234618997
1234625798
1235073141
1235079956
1234622650
1234619616
1235080374
1234620313
1235071426
1235071879
2000201141
1235082818
2000107906
1234621718
1235079556
1235081511
1235198589
1235072963
1234625500
1234623554
1234626443
1234623678
1234619588
1234620337
1235163717
1234624954
1235072385
1234625362
1235070923
2000204860
1234618956
1234624764
1234618788
1234623925
1234618625
1234621300
1235081008
1235078290
1235072053
1235194835
1234929402
1235082533
2000113593
1234618951
1234623548
1234618550
1234622526
1234626881
1235080660
1234933241
1235075212
1235079583
1234620672
1235196648
1234626890
1234619288
1235242351
1234618877
1234928740
1234625175
1235071251
1234625125
1235080668
1234926548
1234618867
1235081919
1234618240
1234620064
1234621010
1235071582
1234626307
1235074855
1235196392
1234619088
1235071478
1235079636
1234618949
2000213999
1235072939
1234620550
2000117660
1234622590
1235071408
1234626083
1235076776
2000134077
1234931798
1235081536
1235072226
1234929038
1235073218
1234930435
1234619341
1234621030
1234932885
1235323720
1235074802
1235075536
1235077812
1235077596
1235324185
1235199812
1234619536
1234621425
1235196079
1235079259
1234618717
1235075996
1234929037
1234926531
1235072975
1235072753
1234622602
1235081678
1235081702
1234619199
1234623545
1235071862
1235323871
1235071876
1234925685
1235078514
1235071724
1235323986
1234626364
1234626979
1235072164
1235079955
1234625953
1234618765
1234619471
1234619620
1234927227
1234626239
1234622479
1235081948
1235080527
1234618354
1235196071
1235078682
1235081891
1234621079
1234619467
1235076743
1234929799
1234623056
1234623369
1234626106
1234621024
1234931894
1234618538
1234621279
1235080437
1234620350
1234619218
1235077504
1234620600
1234619162
1234624175
1235082627
1235187749
1235076741
1234618597
1235074024
1235242236
1234620925
1235073760
1235074059
1235076184
1234624790
1235078479
1234621047
1234622546
1234622381
1235072215
1235324011
1234618681
1235072567
2000204894
1234931242
1235074514
1234928899
1234619699
1234622218
1235074063
1235075252
1234928995
1234618574
1235078744
1234625315
1234622217
1235073690
1234623444
1235323617
1234929379
1234620658
1235081864
1234625537
1235074535
1235078656
1235323944
1234623393
1234932966
1235072160
1234621357
1234627044
1235324106
1234624847
1234619087
1235079548
1235079097
1235075518
1234618700
1235082835
1234929566
1235074221
1234932950
1235323885
1234623049
1234621439
1235081772
1235071192
1235077888
1235077266
1235323684
1235071940
1235081637
1235072692
1234623637
1235074488
1235078678
1235074996
1234622159
1234625318
1234626280
1235073927
1234622713
1234623631
1235074507
1234619736
1234625823
1235078946
1235077024
1235071897
1235081937
1235075291
1234622527
1235082095
1234627076
1235071713
1235074123
1234621035
1234619408
1235200446
1235079205
1235073007
1235078528
1234625583
1235075462
1235075124
1234620853
1234929490
1234623751
1234929081
1235075687
1234623533
1234931425
1235071678
1235073800
1235073151
1234623359
1234619472
1235071045
1235323678
1235078569
1235323601
1235079794
1234620918
1235080365
1235195507
1234621069
1235075861
1234932249
1234620754
1234622697
1234620119
1234928994
1234620506
1235075503
1235161732
1234621354
1235072694
1234623421
1234624768
1235074001
1234620866
1235074608
1235076172
1235079731
1234619380
1234620192
1234619299
1234931857
2000185490
1235073307
1235078990
1234622577
1234625584
1234625550
1235242649
1234623560
1235076188
1235082611
1235245462
1235080428
1235071846
1235079043
1235075674
1235074865
1235323816
1235075550
1234619287
1235080672
1235079733
1234622304
1234626319
1235078506
1235075815
1234618866
1235079041
1235076553
1235082287
1234619248
1234623757
1234932952
1235072726
1235080163
1235075296
1235075141
1234626925
1234619297
1235072276
1234626586
1234624017
1235082330
1235076544
1234870400
1235075219
1234620291
1235194868
1235076576
1234620553
1235075983
1235324064
1234930605
1234621351
1234928939
1234620366
1235072234
1234623362
1235071741
1235081695
1234622477
1235071988
1235076813
1235188894
1235071663
1234620039
1234625144
1235073270
1234622570
1234929392
1235242352
1235074979
1234619913
1234620739
1235073350
1235073093
1235080580
1235072223
1234619135
1234621625
1234618600
1234621710
1235082549
1235074121
1235080590
1234622452
1234626519
1235071514
1235072056
1234626917
1235324007
1235074587
2000115132
2000204905
1234870349
1235073008
1234626116
1235076609
1235075236
1234926634
1234618641
1235078933
1235074947
1234619228
1234619832
1234620087
1235073549
1235197129
1234619529
1234619441
1234626233
1235073197
1235324026
1234620679
1235082139
1235071191
1235076005
1235075051
1235078559
1235077120
1235080140
1235324178
1235075154
1234622302
1234625960
1235077688
2000110247
1235072851
1234625970
1235078484
1234622370
1234928734
1234622325
2000165848
1234620221
1235074523
1235076598
1234623672
1235072373
1234622466
1234931317
1235082729
1235071652
1234619538
1234870370
1235080144
1234618610
1235081938
1234624845
1235080710
1235070992
1234621219
1235323938
1234623440
1235242752
1234620131
1235323680
1234619013
1234623583
1234931497
1234623543
1235071801
1234929074
1234625756
1235077656
1235077820
1234623493
1235082222
1234618941
1234622288
1235078647
1235075989
1234930592
