1234675730
1235451010
1234621048
2000216824
1234681308
1235470643
2000118467
1234570342
1234629577
1235026119
1235075686
1234569404
1234698948
1234977817
1235453008
1234719738
1234603446
2000137054
1234633013
1234679055
1234681435
2000133587
1235319833
1234653438
1235153129
2000115490
1235040754
1234598875
1235072181
1235452642
1234994062
2000190129
1235311343
1234930088
1234584675
1234852336
2000219150
1234600010
2000078952
1234703513
1235439163
1235257149
1235012685
1235019777
1234974221
1235041033
1235315921
1235003866
1234653084
1235007901
1234694229
1234660039
1234713161
1234568241
1234658706
1235439925
1235155045
1234621421
1235114935
1234685088
1235008453
1234645805
2000213857
1235152023
1235192645
1235171803
1235439112
1235305950
1234847616
1234575606
1234606021
1234662827
1234585457
1235292829
1234579858
1235159041
1235036833
1234853996
2000215954
1234859285
1235004156
1234711269
1234664820
1234696113
1235316702
1235020772
1235104739
1234930515
1234676693
1234649880
1235300134
1235479170
1234793062
1235152518
1234682628
1235034542
1235286979
1234856063
1234658311
1234715296
1235147248
2000115592
1235017792
1234655238
1235195218
2000192035
1235456574
1234675203
1235007231
1234645083
1235117998
1234659303
1235002839
1234705353
2000145469
1234635893
1235029050
2000032178
1235142205
2000148218
1234723129
2000125023
1235457051
1234709081
1234718941
2000070093
1234669071
2000121782
1234711065
1234597991
1234682841
1235131021
1235024344
2000080259
1235030873
1234642965
2000079791
2000085682
1234598785
2000106295
1234586199
1234992284
1235295894
1235226424
1235314507
1234661861
1234581974
1235303768
1234715712
2000133662
2000120351
1235139715
1235032013
1235291080
1234659069
1234692543
1235472188
2000218501
1234668233
1234648067
1235302181
1235167233
1235305495
1235112752
1234999838
2000212829
1235286565
1234711504
1235460120
1234575689
1234668440
1234635919
1235446801
2000106345
1234574203
1234973236
1235309536
1234652385
1235036735
1234717985
2000148173
1234979051
1234664342
1234661588
1235132789
1235004108
1234690990
1234645482
1234660469
1235006212
1235303934
1235016692
1235036897
1234855265
1235142229
1234685418
1234797880
1235303181
1234595941
1234882786
1234631963
1234663476
2000152577
1234595134
1234675243
1234630137
1234984411
2000216419
1234696972
1235312142
1235162064
2000191223
1235042877
1235164881
2000090484
1235291218
2000178672
1235286731
1235029076
1234688532
1234990737
1234991935
2000072122
2000066336
1234702505
1235453590
1234657103
1235024021
1235295805
1234587947
1234787575
1235306351
1234842581
1234576530
1235023808
1235289292
1234636614
1234622677
1235149363
1234690514
2000107903
1235143112
1234667389
1234625107
1234639094
1234606739
1234595658
2000192717
2000136940
1235298612
1234573519
1235314246
1234835476
1235440028
1234979017
1234660878
1234718535
1235307648
1234646879
2000218163
1234715977
1234594761
2000146075
2000192657
1235121266
1235139639
1235014265
2000198434
2000145056
1234717949
2000112261
1235024588
1234699398
1235290739
1235041794
1235009607
2000216170
1234702790
2000081677
1234995514
1234991197
1235449578
1234831776
1234987859
1234713939
1234660806
1234630940
1234676438
1235037604
1235042105
1234573900
2000065553
2000148426
1234658206
1234623460
1235291887
2000185690
2000217494
1234975915
1235024746
1235236049
1234639916
1235226662
1235456456
1235074165
1234702110
1234575297
1235107603
1234666826
1235457513
2000148012
1234993953
1234633391
1234649490
1234994914
1234681940
1235075440
1234585886
1234571723
1235022674
2000077058
1234672280
1235000085
1234689669
1235320311
1234626868
1234854297
1235486511
1235299401
1235152822
1235106848
1234668385
2000067795
1234654754
2000070461
2000196019
1235011704
1234859248
1235143582
2000064103
1235148166
1235038760
1234580821
1234641251
1234596233
1234786824
1234993641
1235285791
1234574826
1234717746
1235169422
1235236288
1235258206
1234713726
2000070056
1235451553
2000123020
1234574177
2000115322
1234847101
1235314434
1234977020
1234987021
1235029449
1235030099
1234706765
1234971152
1234694292
2000145664
2000111933
1234848660
1235468962
1234710738
1234770265
1235295758
2000196050
1234633532
1234666750
1234718710
1234696246
1234661650
1235001887
1234973709
2000151232
2000215659
1235319282
1234973582
2000088498
2000114883
1235022249
1235447305
1234659780
1234636389
1234655692
1235168798
1234796655
1234883060
2000069031
1235122131
1234583636
1234716070
1234602549
1234604712
1234575266
1234592300
1234716734
1234597546
1234618655
1235115632
2000189923
1235214827
1235294524
1234664992
1234678237
1235217745
1234721422
1234687890
1234578055
1235451384
1235119358
1234983463
1235028823
1234673078
1234972598
1234969836
1234685945
1234596251
1234626100
1234807557
1234684525
1234689747
1235319548
1234693639
1235486314
1235466191
2000127019
1235037134
1235025474
1235454627
1234678726
1234697634
2000106803
2000065693
2000125405
1235117293
1235119585
1235146373
1234661503
2000125032
1235217783
2000216568
1234703585
1235286851
1234637883
1234979621
1234690779
2000214178
2000133244
1235305206
1235226796
1234829912
1234683924
1234643002
1234664774
2000062883
2000068328
1235015000
1235071127
1234853326
1235285060
1234716117
1235130899
2000216475
1234676262
1234973472
1234854886
1235131974
1235014624
1234672894
1234684083
1234860035
2000069085
1235257304
1235081941
2000085267
2000085060
1234653355
1234640048
1234603314
1235020197
1234675529
1234671310
2000218695
2000105666
1234843532
1234721598
1234686040
1235187579
1235043116
2000126433
2000123507
1235123015
1235034402
1235155496
1234585437
1235313826
1235296930
2000135285
1234599650
1235127182
1234695385
1235449325
2000204932
2000065750
1235151267
1235012992
1234659587
1234722095
2000152422
1234632311
1235283406
1234686848
1234719468
2000197833
1234702115
1235028321
1234993749
1235479165
1235001092
1235293187
1234848918
2000067185
1234675108
2000130448
1235002769
1234670758
1234998955
1235307805
1234854255
1235257302
1234655204
1234626564
1234975924
1235316836
1235290727
1234637862
1235149336
1234621418
1235429909
1234713935
1234621208
1234633633
1235304531
1234793123
1235209699
2000208354
1235116466
1234929653
1235146145
1234651486
1234813760
2000140174
1235471362
1234856440
1234930444
1235073698
1234679229
1235235059
1234602933
1235182422
2000145570
1234666985
2000148962
1234715579
1234586205
1234636100
1235039865
1235307925
1235105271
2000215278
1235446674
2000144377
1235309034
1235449470
1235012319
1234990527
1234644941
1235292537
1234976456
1234641622
1234642052
1235022576
1234853223
1234931694
1235132348
2000197491
1235026425
1235028231
2000068749
1234677849
1235125221
1234985184
1234618563
1234604767
1234653809
1234633688
1234626175
1234991207
1234881865
1235073232
1234629457
1234716484
2000129298
1234640375
1234584690
1234677217
1234667640
1234683399
1235026513
2000128227
1234656168
1234708440
1235486072
2000107409
1234668857
2000190377
2000151831
1235075236
1235311085
1234811788
2000123695
1235451896
1235293779
2000133295
1235484723
1234663725
1234701880
1234652476
1234715745
1234620657
1235307295
1234635506
2000148518
1235169734
2000180931
2000024600
1235108924
2000197678
1235123947
1235295660
1235210875
1235151705
1235314431
1234883921
2000081356
2000151699
1234691255
1234593203
1234722828
1234653134
2000120602
1235297726
1234570264
1235214298
1235118615
1235176457
1234884110
1235150420
2000121226
2000190292
1235219158
1235443777
1235453021
1235000645
1234976687
1234995974
1234582713
1234699879
1234672579
1235305712
2000140142
1235486521
2000071683
1234695277
1235132678
1235316175
1235003044
2000130024
1235031119
1234704358
1234716379
1235315565
1234642854
1235016964
2000210837
1235146215
1234629420
1234629876
1235030359
1235131211
2000072286
1235030358
1235222179
1234995956
2000149109
1234568852
1234576729
2000080187
1235121223
1234593341
1234674384
1234687788
1235146324
1235312065
1234642135
1235296480
1235146759
2000124494
2000216357
1234675323
1235484281
2000150255
1234814009
1234797842
2000111511
1234681395
1234585202
1234975423
1234714433
1235457986
2000217067
1234577711
1234999163
1235253228
1234662226
1235019913
1235454951
1234884172
1234639248
1235000053
1234596448
1235247177
1235470242
1235457912
1235127342
1234720411
1235191913
1234647083
1234650259
1235198920
2000147958
2000144355
1234723000
1235449437
1234695836
1234995427
1234971774
2000118542
2000129215
2000213359
2000079715
1234628669
1235018057
1234706059
1235033424
1234647983
1234661629
1235479148
1234584323
1235180880
1235006373
2000089770
1234971129
1235234636
1234930113
1234594990
1235309230
1235450576
2000122926
1234661405
1234689446
1234568221
2000072537
1234682424
1234929813
2000197277
2000079756
1234695548
2000101008
1235253152
1234707480
1235003607
1234601256
1235234924
1235439660
1234993424
1235016521
1235172007
2000130071
1235290997
1235035067
1235172481
2000199877
1234644701
1234679785
1234674801
1234986903
1234618931
1235153643
1235112343
1234657262
1235440377
1235293395
1235319948
1234689699
1234969365
1235112826
1234675272
1234594561
1235479311
2000214332
1234664166
1234645089
1235291194
2000218191
1235456446
1235121516
1235454466
1235281611
1235455000
1235299169
1234625583
1234597983
1234587422
1235455909
1234980275
1234975041
1234716187
1234974106
2000128768
1234715238
1234682797
1235002809
2000073793
1235449550
1235141451
2000147485
1235147310
1234673138
2000073281
1234987382
1234705669
2000123455
1234572647
1235004060
1235023442
1235006406
2000218396
1234981549
2000209780
1234689661
1235029046
2000111779
1235471701
1235309731
1235457603
1235456808
1235315516
1234638090
1235304156
1235253414
1235295836
2000199830
1234663960
2000151541
1235455051
1234803191
1235258417
1234675076
1234578237
1234629948
1234590307
1235318306
1234661297
1234654952
2000196215
1234721203
1235440729
1234663905
1235107575
1234674398
1235171976
1235023827
1235118336
1235454776
1235002874
1235444914
1234680722
1235229794
1234986794
2000209658
2000197902
1235295146
1235253163
2000078383
1234662946
1235236763
1235487026
1235304934
1234721040
1235157676
1234794835
2000129894
1235141576
1234883298
1235138792
1235429327
1235039622
1235301548
1234651716
1235304180
1234930606
1234708418
1234992228
1234689777
1235009562
2000127370
1235013270
1235248355
1235129648
1235454353
2000123086
2000063313
1234658581
1234663192
1235322142
1235030569
1234688536
2000100944
1234710048
1234645204
1235287091
1235139942
1234682748
1235469209
1234605076
1234640918
1235152043
1235290758
1234689056
1234656876
1234720830
1235042736
1234974711
1234585104
1234843341
1234635734
1235209878
1235138609
1234991007
1234570990
1234667329
1235028470
1234975268
1234933569
1234582278
1234988497
2000119804
1235010530
1235485952
1234926959
1235121281
2000208425
1235256066
1234799874
1235296331
1235016395
2000190896
1234697018
1235250725
1235019919
1234630642
2000214176
1234645298
1234634272
1234684017
1234986853
1235004554
1235011726
1234701577
1235438995
1235166979
2000073044
1234660415
1234692664
1234810855
1234852210
1234650751
1234972124
1235167987
1234988208
1235303763
1234674852
1234847336
1234633475
2000151565
1235317262
1235311514
1234697854
1234569137
1235167569
2000197897
2000084202
1234707496
1234574270
1234649288
1234989148
2000105203
1235126059
2000144988
1235020833
1235451034
2000137211
1234987358
1235484246
2000111659
1235017303
1234709452
1235023549
1234571418
1234692870
2000129441
1234632793
2000072712
1235027199
1234709523
1235234709
1235104392
1234663971
1234687104
2000081942
1235075151
1234976007
1234714702
1235450199
1234709621
1234720221
1235456028
2000148950
1234674135
1234670870
1235152213
1234654314
1234689865
1234657285
2000069668
1235453746
1234722797
1235447378
1235029978
1234669019
1235020983
1234707199
1235010373
1235323679
1235292302
1234722888
1234717904
1234624874
2000062707
1234578516
1235024576
1235003115
2000148558
1234653779
1234665550
1234678431
2000146842
1235447785
1234600101
1235155092
1235284421
1234642923
1234703498
1234990064
1235021927
2000068608
1234638506
2000216987
1235440248
1234639724
1234600552
2000152488
1234592915
1234587447
2000191467
1234692833
1235118955
1234975821
1235294939
2000126342
2000148972
1234635667
1234841497
1234605379
1234707165
2000214840
1235137326
1235011298
1235114902
1234710144
1235457048
1235146322
1235119324
1234658103
1234682837
1235454070
1234870391
1234575613
1235295851
1234669188
2000133517
1235453426
1235034088
2000070619
1234881501
1234993881
1235144597
1234682231
1234666528
1235320166
1235018597
1234722556
2000112729
1235430256
1235178018
1235021285
1234656029
1235034227
2000200830
1235297455
1235111093
1235025762
1235135148
2000075497
1235300151
2000089470
1234986307
2000130679
1234674900
1234633049
1234882520
1234670139
1234996906
1235111684
2000106848
1235148811
1234705547
1234856511
1234660917
2000188029
1234636520
1234597488
1235454140
1235003320
2000080170
1234625187
1234643426
1235028964
1235251800
1234660660
1234660761
1234583458
1234705478
1234842898
1234693927
1235323561
1234930598
1234676604
1235450314
2000075868
1235295960
1234585455
1234988971
1234584014
1235121874
1235141382
2000112993
1235007722
1234666254
1234671648
1235076453
1234998359
1235449607
1234640755
1234669915
2000213644
1234719940
1235253566
2000090295
1235006636
1235285008
1234980641
1234694174
2000111650
2000198385
1234719257
2000124691
1235255746
2000102547
1235210919
1234713458
1234603618
1235450855
1235024764
1234985509
2000147439
1235023467
1234574356
1234799233
1235313790
1234575396
1234868997
1235287280
1235041119
1234693513
2000132752
2000131909
1234842421
1234602137
1234600467
1235457967
2000082941
2000082699
1235446332
1234705361
1234676168
1235451761
1234660929
1234971808
2000186724
1234933065
1235291158
1234722929
1234606116
2000121212
1235023850
1235039734
1235074677
1235304441
1234694954
1234974272
1235318959
1235126807
2000067219
1235131362
1235026710
1235247384
1234827535
1235447078
1234984729
1235215767
1235075674
1235017927
2000101141
1235300547
2000076949
1234625885
1234664086
1235453244
1234709071
1235286745
1234674931
1234587356
1234680334
2000209013
1234859922
1234630650
1234691352
1234693402
1234639081
2000073857
2000114497
1234640860
1234987080
1234668618
1235309379
2000105156
2000138517
2000149165
1235317665
1234647580
1234930482
1234974750
1235042262
1235309088
1234979980
1234603533
1235310136
2000199792
1235138049
2000082735
1234645185
2000149842
1235166985
1235019824
2000129900
1235302408
1234654182
1234668829
2000212617
1235292693
2000118887
1235450019
1234706754
1234699041
1234668959
1234678922
1235163202
1234848102
2000152677
1234706531
1235043154
1234621597
1235256276
1235286480
1235480087
1235449243
1234662250
1234600048
1235319993
1234816572
1234654566
1235218237
1235452736
1235077514
1235014620
1234980119
1235451511
1235120640
1235311755
1235305972
1235143074
2000132150
1234637604
1235163250
1235030777
1235002038
1234707330
1234721552
1235257568
1235453432
1235116025
2000065685
1234601120
1234583866
1235245207
1234713246
1234847699
1234648060
1234815212
2000066646
2000126889
1234658789
1235457701
1234994554
2000103478
1234576507
1234598458
1235028416
1234684112
2000087361
2000130080
1235449044
2000080490
1234571512
1234715290
1234685807
1235145055
1235317049
1235440586
1234668645
1235144395
2000214914
1235239631
1234831844
1235018492
1235312894
1235440483
1234668784
1235023996
1235137709
2000133404
2000072134
1235173460
2000062595
1234999305
2000218794
1234657959
2000111791
2000121910
1235193759
1234684223
1234633593
1235145833
1234572750
1234799951
1234630868
2000127657
1235457422
1235017481
1234704621
1234662880
1234709394
1234700960
2000151129
1234577401
2000189830
1234707416
1235448823
1235006412
2000144524
1235305166
1235002466
1234816631
2000069752
1234659503
1235314446
1235309449
1235133279
2000123190
1234697924
1235116638
1234640840
2000127694
1234711463
1234976702
1235149085
1234579070
1234998894
1235449131
2000148509
1234993420
1234643232
1234691949
1234706043
1235313893
1234650638
1235128098
1234620630
1234575671
1234652812
1234812803
1234703124
1234700459
1234618248
1234684057
2000123709
1235009673
1235323719
1234647406
1235458015
2000198579
1234820449
1235218477
1234618572
1235294112
1234932958
2000146874
2000112494
1235039579
1235281860
2000129477
1234690260
2000149641
1235155112
2000105417
2000151083
1235028415
1234662875
2000081028
2000188880
2000071629
2000073072
1235013921
1234650045
1235470998
1234656238
1234595112
1234968901
1235154911
1234632465
2000131838
2000149159
1234992251
1235252577
1235041482
1235248995
1234699302
1234721347
1234974469
1235136441
2000127879
1234719853
1235446723
1235119850
2000070654
1234640499
2000151573
1234701895
2000069859
2000073161
2000075442
1234858471
1235118786
1234695282
1235015412
2000072865
1234711140
1234999174
1234713987
1235112233
1235312328
1234883796
1234588162
1234710416
1235303708
1235487084
1234843548
1235005564
1234852341
1234704465
1234718410
1234665304
1235158928
2000133162
1235118350
2000131938
1234975182
2000073478
1235081286
1234792126
2000197305
1234996294
1234584826
1234660758
1235247273
2000070304
1235299628
1234986148
2000091598
2000144689
2000213425
1235021382
1235451633
1235454536
1235291217
1234795087
1235034918
1234991187
1235027831
2000213330
1235165218
1234571072
2000114909
1235300777
1234637873
2000074308
1235309915
1235174686
1234717523
1234988549
1235453614
1235447927
1234577272
1234930747
1235284912
1234709696
1234668172
1235430342
2000122895
1235130294
1235457088
1235036866
1235142843
1235166440
1234700765
1234628744
1234924766
1234703059
1234667863
1235107766
2000068066
1234669954
1234855836
1235454878
1235292974
1235294279
1235464413
2000146964
1234715242
1235215477
1234843999
1235456933
1234990895
1235033228
1235456198
2000067365
1234722725
1235314760
1235284892
2000137545
1234971537
1234644519
1235015042
1234652427
1235294065
1235012095
2000104514
1234646497
2000217452
2000111408
2000191364
1235302915
1234990425
1234855901
1235293435
1234683645
1235300797
1234573431
1235296743
1235210166
1234713609
1235480574
1235145616
1234701679
2000124318
1235312304
1235306130
1234635284
1234680667
1235037077
1234705560
1234993528
2000089919
1235176802
1234599336
1235235536
1234633788
1234663343
2000114421
1235105015
1234972504
1235018693
1235042979
1234602993
2000071862
1234808148
1235114096
2000073827
1235283038
1234643460
1234585264
1234844419
2000207632
2000112768
1235030050
1235300091
2000124249
1234641480
1234976735
1235144472
1235308028
1234990334
1235172472
2000072633
1234579053
1235030884
2000217240
1235014383
2000129883
1234669913
1234650404
1235454845
1234635639
1234808349
1234849100
1234628596
1235009506
1235024052
1235252939
1235041503
2000197122
1235005656
1234715725
1235447246
1234632933
1234677803
2000148328
2000114523
1235219276
1234662182
2000218349
1234636055
1235281696
1235257733
1235301527
1234667568
2000131468
1234571808
1234997377
1234711733
1235445417
1234643438
1234813204
1235247305
1234712627
1234685733
1234673383
1235169388
2000180284
1235025980
1234988110
1235252156
1234600759
1234718126
2000135094
1234793196
1235041967
1235042276
1234638547
1235311582
1235236469
1235141819
1234592038
1234990712
1235116313
1234975015
2000149637
1235139717
1235104239
1235033632
1235075177
1234661904
1235026245
1235453744
1235114754
1234602972
1235015096
1235003359
1234990648
1234701817
1234795715
1235011129
1234711947
1235007674
2000144024
1234712305
1235018526
1234605132
2000089860
1235257135
1235450838
1234802990
1234987983
1235451253
1235470585
1235004268
2000067403
1235004186
1234638282
1235285017
2000080027
1235017022
1235255413
2000137297
1234854994
1234999707
2000085412
2000205266
2000121010
1234663053
1234721288
1234855187
1235201858
1235072853
1235292058
2000190064
2000105296
2000065162
1235006202
1235013697
1235257100
1235074502
2000105878
1235153504
1235078792
1235150283
1234696272
1234697096
1234702053
1234630752
2000121818
1234578433
1234590678
2000072113
1234679793
2000191490
1235214806
1234688761
1235140803
1234572746
1234976128
1235291783
2000151957
1235040734
1235455743
1235314687
1235227698
1235291813
1234711319
2000099334
1234995173
1234698216
2000152477
1234672458
1235158342
1235157059
1235020195
1235001263
1235315401
1234592167
2000107126
1235439119
2000127851
1234720601
1234662032
1235123336
1235171694
1235001812
1234634887
1234670327
1234933151
2000147363
1234674065
1234884022
1234675180
1235307475
2000125374
1235104351
1235300587
1234722933
2000213388
1234975519
1235115805
1235143197
1234647184
1235305135
2000213983
1235111314
1234974465
1234618300
1235166502
1235128657
2000112738
1234690864
1234691089
1235015259
2000072855
1235285355
1235006219
1234987212
2000201039
1235023821
2000204550
1235151526
1234592735
1235006064
1235038595
2000112992
1234885207
1234979932
1235008066
1234628484
1234639119
2000132765
1234695267
1234679877
1234582937
1234701603
1234718421
1234587313
1234975585
1235143084
1235110447
1235149662
1235316221
1235014638
1235303324
2000076854
1234651073
1234657053
1235309448
1235005739
1234633308
1235126383
1235314069
2000130149
2000116100
1234621682
1234632590
1234716974
2000146740
1235313068
2000127927
1234643813
1234661728
1235131210
1234630052
1235158849
1235013574
1235307855
1235102882
2000218197
1234858977
2000100945
1235308083
1235029919
1235189231
1235038033
1234585235
2000197394
1234650008
1235315190
1234573503
1234693025
2000102488
1235220205
1235292517
2000067235
2000124559
1234628837
1235109339
1234974733
1235010558
1234634552
1234700098
1235026719
1235296121
1235116443
1234701283
1234638373
2000147594
1235131387
1235315045
1234698367
1234776112
1235452777
2000132906
2000127787
1235299760
1235127684
1235430094
1234601957
1234978441
1234644929
2000190445
1234989509
1234973114
2000147213
2000208976
1234702523
1235128977
2000125178
1234630331
1234711820
1235485636
1235001747
1235311211
1235480038
1235293792
1235452848
1235004328
1234598027
1234603471
2000129873
1234721660
1234669705
1235322627
1234979786
1234680526
1234718691
1235455072
1234652981
2000080250
2000085875
1235075853
1235011944
1235450609
2000190338
1234639728
1235140995
1234659369
1234644918
2000073851
2000080644
1235222032
1234643104
1235011245
1234997457
2000129165
1235293130
1235026223
1234994261
1234847062
1235024737
2000198122
1234649308
2000077474
2000144220
1235447044
1234602690
1234629740
1235163301
2000107217
1234807580
1234700174
1235281590
1235457862
1235034900
1234644208
1235164443
1235287134
1234853180
1235015682
2000214928
1234992292
1235132402
2000127964
1234586675
1234574097
1234632342
1234776142
1235447695
1234994543
1235211855
1234859593
1234619842
1235000127
1234715809
2000067713
2000106582
1235116601
1234999506
1234698163
1235284440
1234568285
1235305892
2000185933
2000124598
2000114026
1234675430
2000085844
1235440407
1234715229
1234702084
1234596146
1234855650
1235028246
1234573237
1234717749
1234693447
2000070894
1234592115
1234691770
1234577161
1234652735
1235257404
1235015734
1234644993
1234647907
1234645854
1234618354
1235466146
1234987852
1234689843
1235447273
2000121420
1234574481
1235312282
1234695055
1235026487
1234667069
1235301802
1235448010
1235034772
1234706761
1234999787
1235112902
1235319100
2000195079
2000198776
1234629946
1234984419
1234709339
1234593943
1235200260
2000112117
1235019120
1234678296
2000065834
1234999356
1235146065
2000068356
1234597259
1234933754
2000125439
1234686823
1234637313
2000151679
1235239876
1234658895
1235191046
1234597995
1234646059
1235026423
2000079770
1235130305
2000066494
1234792103
1234708205
1234769536
1234799821
1234987090
1235041721
1235219247
1235042994
1235308573
1234660825
1235472072
1235011064
1234711108
1234993269
1234683671
1234653178
1234643082
1235025876
1234652466
1235034533
2000073750
1235234798
2000073546
1234641927
1234976736
1235449423
1235075005
1234579021
1235254000
2000188984
1234689950
1234634375
1234931996
1234582740
1234603829
1234973605
2000209052
1235007676
1234668975
1235323715
1235141372
1234674106
1234647476
1235237935
2000109996
1234578390
1234679461
1234713790
1234846492
1234665510
1235453336
1235006435
1234694401
1235155278
1234818792
1235079921
1234813624
1235005578
1234696388
1234980083
1234717751
1234651879
1235308854
2000121396
1234820878
1234645159
1234647758
1234931030
1234669117
1234821462
1235117654
2000134522
2000146573
1234681479
1235256707
1234618809
2000074192
1235454747
1235037262
1234708069
1235108766
2000028079
2000121418
1234603033
1234628504
1234723538
1234601007
2000147530
1234814227
1235218278
1235455481
1235120819
1235145780
1234702096
1234584912
1234847656
1235015007
1234646889
1234591155
1234587870
1234685048
1235309620
2000077680
1234639911
1235154657
2000074533
1235307782
2000215997
1234675906
2000082758
1234675896
1235016519
2000073658
1234987387
1234589526
2000129417
1234985447
1235305079
2000127730
2000139172
1234677543
2000066984
1234719013
1234722970
1235257475
1234645804
1234722738
1234971977
1234642870
1234993186
1234718326
2000216913
1234577211
1235113466
1235323683
1234719642
1234692492
2000107131
1234720602
2000144126
1235027028
1235486093
1235038184
1235297892
1234836386
1234641993
1234691717
1234972342
1234855766
2000120484
1234621723
1234640570
1234700218
1235456178
1234655196
2000128040
1234636511
2000071520
1235289216
1234648561
1234574538
1235033536
1235034560
2000091478
1234694201
2000144642
1234681000
1235248615
1234666874
1234713473
1234836462
1235479143
1235019281
1235293807
1235152490
1235294081
1235449491
1234979389
1235126037
1235025344
1234634811
1235144987
1235038174
1234636831
1235029497
1234671559
1234655345
1235165244
2000079634
1234636597
1235149944
1235025430
1234596328
1234622542
1235134658
2000124012
1234700460
1234690629
1235323744
2000089797
1235019583
1234663949
1235292595
1235218919
2000150461
1234606518
2000203170
2000190551
1235452509
1235167834
1234659336
1234588514
1234591319
1234659226
1235116797
1235075657
1234702304
2000076196
1234632058
1235124504
1235030748
1235014824
1234682276
1234648269
1235168068
1234854432
1234798414
1234620536
1234675708
1235029362
1234668578
1234647934
1234985844
1234621596
1235285524
2000208135
1234642428
1234997815
1235294777
1235303437
1235083606
1234695336
1235319621
2000151623
1235235201
1234655955
1234583313
1235145936
1234984546
1235253626
1235030917
1235034127
1234696776
1235283600
1235021452
1234884793
1234703352
1234798405
1234689676
1234976716
2000114903
2000191274
1234716376
1234646381
1234664039
1235042762
1235170110
1234594323
1234691797
1234847534
1235299135
1234694119
1235158658
1235303517
1234716439
1234688376
1234992647
2000218465
2000209148
1234689355
2000216956
1234685209
1235128409
1235003692
1235012341
1235311418
1234641174
1235143455
1235081871
1234932143
1235004438
1234663887
1235168430
1234668621
1235042362
1234669149
1234927935
1235017351
1235284668
1235009541
1235300749
1235487131
1234980989
1234677966
1234972522
2000147903
1235233501
1235007300
2000072821
1235286146
1234798307
1235443216
1234600885
1235449912
1234799832
1235153864
2000105174
1235249672
1235283135
2000129547
1234843501
1235108015
1235030253
1234794930
2000146783
1234975984
1234995564
1234991258
1235315076
1235303628
2000068208
2000079186
2000128799
1234883798
2000091669
1234630185
2000208933
2000165722
1235123949
1234587661
1235172618
1235120208
1234701865
1234582234
1235111963
1235144333
1234814011
1235451658
1235286816
2000086903
1235151815
1234646426
1234719009
1234853301
1234803020
1234792835
1234675253
2000126146
1234651614
2000151637
2000064989
2000201151
1234846504
1235470894
1234842476
2000198497
1234998882
2000124941
1235293689
1234852544
1235171051
1234709599
1234657787
1234682883
1235015044
2000114286
1235311234
1234683352
2000128110
1234692116
2000212868
1234656716
1234680890
1234597762
2000066992
1234671698
1234693854
1234583739
1234587883
1234656796
2000084789
2000073214
1234654852
2000208608
2000121285
1235078880
1235037332
1234673590
1235015317
1234590640
2000084474
2000064010
2000149451
2000107150
1234997684
1234588370
1235027680
2000082653
2000112019
1234990459
1235486428
1234586616
1234911754
1234592873
2000111743
1234673503
2000065122
1235037241
1234981059
1235016735
1234637495
1235479204
1235019319
1234971360
1234645825
1234605927
1235480086
1235144359
2000152670
1234668135
1234619132
1234576543
1234606017
2000197444
1235042686
1235166524
1234692836
1234642457
1234719461
1235450027
1234696848
1234635474
2000066043
1235116628
1234618441
1234649734
2000107160
1235319117
1235020621
1234652603
1234666687
1235020699
1235141561
1234621638
1235322009
1235032542
1234629077
1234666819
1234678063
1235036279
1234684826
1234859326
1235120405
1235484703
1234621469
1234691870
1235016661
2000134728
1235107940
1235283294
2000106293
1235297777
1235145362
1235009930
1235134085
1234633865
1234701518
2000211766
2000134508
2000167415
1234715890
2000198645
1235004346
1235080589
1234973285
1234716877
1235167905
1235242651
1235294237
1234929962
1235111388
1234666212
2000072981
1235028858
1234989636
1234847916
1234646019
2000073915
1234849197
1235006283
1234574188
1234664023
1235223440
1235457873
1234978527
2000133864
1234683182
1235115111
1235315562
1235028085
2000082916
1234985163
1234586975
1234674018
1234700548
2000207676
2000086739
2000114767
1234797910
1234605896
1234694805
2000072242
1234986655
1234686086
2000208208
1235111872
1234687283
1234843494
1235301255
1234658116
1234704367
1234700907
1234804877
1234971321
2000114524
2000136923
1235448101
1235450489
1234670752
1234677979
1234979447
1234603189
1234687182
1235292574
1235202587
1234997024
1235071413
1235037856
1234641300
1234618202
2000084884
1234981237
2000146913
1234705068
1235020779
1235028063
1234988781
1234650689
1235302624
1235041647
2000127162
1235124430
1235319149
1235242572
1234983583
1235314604
1234660602
1234675499
1234620737
1234654598
1235001427
1234649426
1234679646
1235155064
1234678484
1234798462
1234581176
1234692075
1235150820
1235165260
1234656059
1235014152
1234853894
1234587568
1235032949
1235317220
1234695183
1235131305
1234634392
1234705657
1235295006
1234975243
1235253279
1234669494
1235305839
1235317923
1235002556
1234711126
1235073622
2000136762
1235016182
2000091483
2000066635
1235315835
1235034298
1235314088
1235003710
2000087728
2000074900
1235020601
2000215307
1234931536
1235233890
2000092195
1234996628
1234999059
1234690444
1234596331
1234705350
2000147137
1235011364
1235073897
2000121560
2000137895
1234645883
2000189752
1235043198
1235015853
1234647824
1235028449
1235154678
1234635041
1235310158
2000196042
1235141975
2000124663
1235197832
1234677823
1234995692
1234842988
1235462291
1234604490
1235450634
2000188365
1234800392
1235036656
2000218486
1235446668
1234708148
1235023774
1234720028
1234651378
1234987386
1234848288
1234852455
2000111333
1234713481
1234668266
1234716797
1235024814
1235293085
1235304733
1235126923
1234996397
1235039718
1235447301
1234604386
1235323342
1235447284
1235304582
1235040951
1234799769
1235451647
1234648692
2000088066
1235166064
1235000052
1234639096
1235245433
1234571992
1234688079
1235302010
1234686828
1235030254
1235440417
2000150218
1234694385
1235166227
1234649984
1234591427
1234721167
1235452945
1234686533
1234594628
1234656982
1234643093
1235015770
1234983736
1235320229
1235003742
1234656265
1234650835
1234719310
1234971104
1234623795
1234600811
1234706160
2000128749
1234997652
1234636769
1235140413
1234596402
1235111172
1234707712
2000119108
1234570307
1234650556
1235479175
1235166022
1234976593
1235152558
2000086002
1234720142
1234995263
1235298654
1235131264
2000192279
2000081511
1234708839
1235191432
1235307513
1234580258
1234606039
1234693924
2000120902
1235316566
1235283852
1235430796
1234688716
1234603247
1234622611
1235457477
1234683942
1235240252
2000092287
1234634213
1235303412
1235204120
1234695802
1235297949
2000125247
1234657329
1234653165
1235129458
1234634513
1235309799
2000112332
1234581768
1235021428
1234632620
1234643762
1235296293
1234581847
1234672247
1235287258
1234708514
1235218890
1234673543
1235008523
1234690149
1235452354
2000147437
1234653053
1235450270
1234645436
1234652346
2000121563
1234841186
2000068366
2000192621
1234640589
1234599786
1234978418
1235464568
1234977553
2000114417
2000111286
1234989553
1234691995
1234683198
1234848832
1234688280
1235033133
1235148933
2000218743
1235143229
1235152052
1235030891
1234643806
1235106827
2000134684
1234589102
1234639220
1234989585
1234569140
1234671050
1234642728
1234572535
1235024997
1235308847
2000126845
2000115048
1235294562
2000120440
1235002285
1235296006
1234660955
1234690389
1235158844
1235025719
1234629734
1235034662
1234971653
1235155924
1234987086
1234630618
1235153659
1235235470
1234929858
1235460043
1234715347
1234630800
1235453955
1234683883
2000149712
1235479740
1234706380
1235117426
1234688557
1235284008
2000144745
1234684545
1234664179
1235174805
1235257518
1235034106
1234682801
1235002545
1234625680
2000128838
1234577891
1234576759
1235018420
1234656953
1234633152
1234709044
2000124402
1235077802
1234991239
1234586484
1234974098
2000120586
1235223428
1234642788
1234652876
1235297593
1235471219
1235170653
1234656077
1234985248
1235015799
1234852658
1234581945
1234644989
2000128775
2000140177
1234689873
2000198300
1235012842
1234669200
1234648491
1235173276
1235479642
1234585508
1235455128
1235286333
1234854854
1234663668
1235001850
1235038183
1235256982
1235222970
1234598761
1234665178
1234685445
1235079843
1235013179
1235172350
2000066541
2000075141
1235470221
1235007808
1235127645
1234694166
1235255022
1234717905
1234985940
1235015022
2000128231
1234691046
2000213541
1235038932
1234684687
1235150084
1234581119
2000071921
2000112505
1235145184
1234928082
1235023498
1235293225
1234683904
1234978497
2000209142
1234685165
1234669313
1235120646
1234717610
1235466248
2000134613
2000196482
1234687887
1234705545
1235301129
1235115093
1235171246
1234645072
1234640870
1234697108
1234587348
1235252285
2000204984
1235000408
2000205327
2000198447
1235145142
1235021112
1235306025
2000132317
1234697229
1235034664
1235028212
1235451312
1235021064
1235283674
2000087733
1234577396
2000128644
2000033001
2000213469
1234719713
1235031206
1235012815
1234716608
1234722223
1234600210
2000088703
1234699408
1235309123
1234680756
2000114967
1235070995
1235034447
2000126646
1234987278
1234697103
1235457811
1235118902
1235290862
2000134544
2000077620
2000196024
1235304403
1234649411
1234986259
1234800162
1235213351
1234584261
1235028430
2000217106
1234995629
1235143042
1234836078
1235293436
2000068665
1234852839
2000200938
1234796410
1234587594
1234655872
1235113679
1235222939
1234578287
1234715881
1234693658
1235289570
1234710282
2000068867
1234662733
1235254937
1234693279
1234665665
1234578259
1234629705
1234710688
1234826647
1235449595
1235023867
1235307999
1234721348
1235009102
1235302502
1235466244
1234694706
1234881776
1234681462
1234660505
1234668696
1234718188
1235242096
1234718396
1234841767
1234853044
1234669515
1234991804
1235022697
1234971847
1234606026
1234656164
2000125333
2000065985
2000111456
1235030885
1235009720
1235240763
1234972055
2000204376
1234720618
1235286269
1235078475
1235012507
1234648799
1234665715
1235291363
1235157041
1235316206
1235158419
1235145671
1234633559
2000062599
2000089269
2000066599
2000077889
2000126074
1234685259
1234586771
1234691412
1234666914
1234987944
1234710084
2000118224
1235022961
1234984819
1235446322
1234859933
1234595189
1235035976
1235038088
1234575615
2000070147
1235137091
1234679127
1235001767
1234834990
1235311837
2000166973
1235308020
1235123094
1234589307
2000149961
2000147769
1234714374
1234825714
1235081291
1234979935
1234835059
1234975077
1235150179
1235144068
1234981323
1234631591
1234590543
1234601529
2000128627
1234713164
2000179556
1234933182
1234718350
1234583118
1234683812
1234636034
1234691373
2000122177
1234636149
1235155590
1234583038
1235127398
1234578725
1234583482
2000124055
1235127370
1234568434
2000082730
1235080716
1234647503
1234648040
1234683046
1234995608
1235285782
1235037016
1235449604
1234588823
1234603658
1235025907
2000078766
1235129991
2000151884
2000147089
1234703747
2000166682
1234645419
2000149720
2000147038
2000075132
1234600986
1234640250
1234842224
1234655587
1235198873
1234638840
1234986993
1234848458
1234848201
1234698151
1235013890
1234720374
1235294268
1235147797
1235031118
1234690794
1235146812
1234999405
2000191252
1235035521
1235029535
2000085377
1234579372
1234605992
1234847997
1235451929
1234569792
1234711993
2000217852
2000128654
1235310386
2000120721
1234635167
1234710875
1235430298
2000114147
1234587059
2000213022
1234634005
2000086209
1234716571
1234577136
1235032599
1234657444
1234601696
1234653999
1235453310
1234651274
1235234547
2000111354
1235000334
1234645786
1234985553
1235107406
2000152516
2000131687
1235303461
1235166632
1235451597
1235122692
1235291684
1234641125
2000214065
1235255988
1235107852
1235026505
1234684665
1235440382
1234670143
1234984310
1234662987
1234705704
2000148843
1235455971
1234629178
1234709386
2000147256
1235447792
1235103746
1235315787
2000080281
1235164426
1235440031
1234717898
2000090486
2000068764
2000032311
2000111501
2000120753
1235457208
1234883027
1235460564
1234632979
1235024972
1234631832
1234630423
2000120168
1235108312
1235440006
1235297448
2000099149
1235215780
1235148699
1234721035
1235016036
1234602977
1234854611
1234707888
1235452970
1235132118
1234675903
1235199011
1234605197
2000137747
1235010131
1234671718
1235457417
1235451925
1235446672
1234588905
1234716692
1235082859
1235035861
1235295073
1234661696
1234667110
1235291257
1234681442
1235169708
1234684472
1235133545
1234993768
1234973987
1234985541
1234680784
1235116031
1235135608
1234597640
1234621406
2000207715
1235235260
1235242505
1234664693
1235073261
1234704156
1235257308
1235311891
2000123184
1235450766
1234625627
2000115521
2000069979
1235016444
1234931031
1234714999
1234975636
2000144411
1234679782
2000167065
1234971020
1235457119
1234997904
2000113968
1235429798
1234882400
1234689971
1235006231
1235305700
1234693341
1234883104
2000079585
1235212332
1234667430
1235484760
2000072095
1235449524
1234998968
1234705290
1235281378
1234674981
1234697480
1234676839
1234646192
1234662802
1234681061
2000115568
1234721836
2000213428
1235430372
1235170747
1235448860
1235023153
1234835101
2000214921
1235155624
1234653669
1235011927
1234681870
2000087939
2000147804
1235439786
2000130074
1235029509
1234972094
1235169692
1234666405
1234999672
1234637008
1235073137
2000213532
1234723023
2000218395
1235296602
1234979665
2000198318
1234665127
1234977676
1234691820
1234667945
1235308674
1234671482
1234689644
1235441082
1234647402
1234993765
1235472184
1234683777
1235145580
1235190371
2000091594
1234700367
1235303878
1235440734
1234691686
2000200258
1234835303
1235020279
1235015957
1234570421
1234636509
1234630308
1235042055
1235293835
1234662017
1234604166
1234986541
1234655443
1234690806
2000192628
1234570506
1234594582
1234601158
1234655540
1234638117
1234620645
1235126856
1235284067
1234671005
1234687620
1234657219
1234685008
1234990472
1234667697
1235122984
1235109214
1235006177
1235289207
2000189624
1234697277
2000116141
1235430443
2000128347
1234647299
1235077800
2000219131
1234678458
1235166552
1234680138
1234590505
1235074525
1235313508
1234580993
1235071551
1234671589
1234588167
1234638869
2000114645
2000209360
2000148624
1234594768
1235115815
1234599866
1235323555
2000148821
1235457774
1235310315
1235141404
1234883675
2000112481
1234693683
1234683366
1235165921
2000204385
1234641619
1235164180
1234575562
1235291569
1234705428
2000198297
1235030350
2000071283
1234661408
1235440003
1235439789
1234668605
1235151520
2000147050
1235077560
1235011851
1234682483
1235297891
1234711176
2000198298
1234680290
1235156881
1234719375
1235007851
1235074584
1235003847
2000146020
1235450556
1234658240
2000218301
1234674250
1235313269
2000120383
1235036258
1234700571
1234687948
1234710239
1235295159
1234605679
1234996648
2000203198
1234722923
1234653152
1234666543
1234680811
1234695127
1235214999
1234619891
1235314131
2000083941
1235004258
2000068555
1234604174
1234576985
1235302516
1234652216
1234989452
1234641823
2000069189
1234715812
2000065018
1234716880
1235440409
1234980002
1235430272
1234571080
1234687835
1234653933
1235030326
1235446044
2000081846
1234626104
1235036259
1235285135
1235030659
1234584340
1235464507
1234988067
1234592280
2000209634
1234633120
1234698079
2000212596
1234620086
2000126837
1234580653
1234632224
1235317872
1235457341
1234681849
1235022918
1234662300
2000112806
1235440722
1234672959
1235182112
1234695622
1234662638
1234655203
2000214988
1234640922
2000217546
2000081229
1235012081
1235240151
1235025205
2000084163
1234993516
1235293887
1234723557
1235011154
1234977834
1234673283
2000069482
1234628617
2000070560
1235146631
1235450351
1234802993
1234596058
1234856588
2000070224
1235132632
1235019345
1235104836
2000148981
1234636053
1235283045
1234703112
2000079428
1235310212
2000130326
1234578695
1235148821
1235257858
2000145158
1235291760
2000117853
2000120368
2000205211
1234629112
2000207594
1235198095
1234637554
1234675712
2000209667
1234685232
1235143880
1234721133
1234655819
1234971810
2000216726
1234712785
2000126350
1235009567
1235149400
1235258128
1234677813
1235041159
1234644267
2000165835
1235457519
1235024241
1235010929
1234664833
1234852439
2000217008
1235452130
1234932635
1235008115
1234972154
2000088195
1234723273
1235145491
1235256847
1235213205
1235115883
1235012142
1235139502
1235299388
1234577961
1234678305
1235318812
1234569620
1234982477
1235148544
1234621007
1235010479
1234663198
1234987327
1234669077
1234664826
1234713091
2000130242
1235017193
1234854812
1234576014
1234693965
1234630954
1234711666
1235012686
1235257931
1235024802
1234620852
1234705269
1234990790
1234988884
1235429670
1234985966
1235148359
1234704464
1234981126
1235256364
2000073966
1234993428
1234999756
1234699547
1235111051
1235310497
1234642844
1234843273
2000070503
2000107753
1234690775
1234992626
1234930325
1234594035
1234666815
1235239012
1235302006
2000032880
1234722217
2000146983
1234576878
1235006365
1235461079
1235028930
1234659130
2000152804
1234590809
2000126850
1235109399
1234606300
1235219456
1234911790
1235028196
1234684901
1234662723
2000191505
1235011597
1234578186
2000087141
2000124173
1234992071
1235143563
1235484461
1234621245
1234653556
1234601917
1234989153
1234646652
1234601036
2000167150
1234603289
1235292912
2000119480
1234678619
1235301315
1234670217
1235150757
1235156630
1234641841
1235300226
1234636308
1234701792
1234653098
1234686731
1234693377
1235166239
1235035525
1234654140
1235450743
2000066903
1234992787
1234718551
1234992949
2000119751
1235011335
1235452744
2000076764
1234650976
1234586743
2000146892
1234711018
1234669067
1234700092
2000120543
1235165716
2000126675
1235117532
1235238481
1234989357
1234798732
1234587801
1235108107
1234852291
1235024132
1235013003
1234633341
1235310083
1235234790
1234882657
2000218573
1234698915
1234593164
1235015568
1234854110
1234705790
2000214318
1234700189
1235297788
1235020102
1235036449
1234985567
1234976714
1234677538
1234633913
1234664022
1234987872
2000071094
1234669011
1234679225
1235455416
1235041688
1235036285
1234706512
1234853837
1235151698
1235195652
1234705450
1234568509
1234599210
1234985505
1234657059
1235155051
1234869465
1235452231
1235141558
2000069755
1234586838
1234835495
1234634796
1234718557
1234584783
1235446371
1235323836
2000127754
1234971726
1235313664
1234624058
2000199712
1234986435
1234578919
1234994351
1235440064
2000120730
2000145163
1234646900
1235304805
1234662033
1234709187
1234620076
1234661548
1235102838
1234669543
1235115233
1235020358
1234667158
1234842833
1234661133
1234598898
1235301093
1235150556
1235024861
1234699778
1234647788
2000207741
1234696335
1234683587
1234644079
2000134210
1234687775
1234793174
1235295888
1234977822
2000072545
2000213663
2000077310
1235297541
1235220556
1234678938
2000149160
1234642768
1234687772
1234657903
1234572627
2000106338
1235471629
1235451965
2000152282
1234797863
1234979741
1235315836
2000122097
1234572920
1234658253
1235308120
1235251420
1235166378
1234652970
1234808081
2000151158
1234693393
1234976412
1234630120
1235446035
1234640529
2000217845
1234800103
1234577994
1235080631
1235144491
1235446972
2000125442
2000147330
1235028413
2000130908
2000119260
1234705203
2000125611
1235295983
1234582498
2000217029
1235449488
1234601968
1234602067
1234984927
1234849431
2000115090
1234632377
1235116787
1234976036
1235310514
2000115826
2000122468
2000088352
1235202696
1235304315
1235139868
1234706136
1235258246
2000144259
1235040877
1235281337
1235043336
1235140410
2000110273
1234982132
1234990520
1234707106
2000106851
2000100029
1235170744
2000130999
1234631202
1234667792
1234641349
1234883116
1234708224
1234592784
1234631730
2000107668
1235448601
1234989569
1235251957
1235285357
1234933231
2000204327
1235297640
1234606886
1235154001
2000062891
2000214883
1235035170
1235030732
2000064219
1234599268
1234620689
2000107108
2000111898
1234692369
1235257920
2000067646
1234694537
1235016043
2000148730
1234672111
1235300118
1235111895
1235202816
1234625697
1235145955
1234578063
1234628942
1234719082
1235119205
2000198872
1235457081
1235253555
1234576830
2000147732
1234982223
1234681145
2000070816
1235016864
1234639928
1234699327
1235013217
2000124964
1234924756
2000201783
1234652752
1234711394
1235123440
1234663072
1234982505
1234803000
1234989201
1234656427
1235027892
1234999862
2000150679
1235316334
1234691609
1234663530
2000209200
1235004428
1234627029
1235284490
1235454284
1235317404
1235486305
1234638997
2000131329
1234677821
1234645385
1235284489
1235155373
1235165571
1234704449
1235455121
1234635015
1234868628
1235020868
1234692456
1234637540
1234643994
2000076403
1234596066
1235033264
1235165156
1235297552
1234587458
2000068509
1234969183
1234598546
1234577126
1234700921
2000124738
1234701835
1235201730
1234601246
2000125413
1235316191
1235110058
1235240678
1234661619
1234692179
1235464378
1234679219
2000209144
1234585392
1235217385
1234638964
1235429981
1234676902
1234986393
2000197155
1234702191
1234628929
2000135041
1234675452
2000218650
2000134587
1234606287
1235440093
1234634306
1235030611
2000112953
1234927109
1235317766
1234650886
2000066022
1234714828
1234574800
1235012700
1234623506
1235115645
1234974076
2000067137
1234574279
1235289329
1235039946
1235451526
1234595004
1234641928
1235172045
2000144378
1234669893
1234702909
1234983642
1234999680
1235018059
1235296282
1234988890
1234782872
1234992918
1234797869
1234822466
1234689871
2000189552
1235165838
1235429326
1235456627
1234686957
1235154387
1235166717
1235307269
1235305086
1234683461
1234853897
1235150579
1235457288
1234570404
1234693878
1234701473
1235313255
1235131865
1235148986
1235451359
1234713214
2000130191
1235038462
2000209263
1235289477
1235170105
1234648541
1235029298
1235167254
1234977003
1234707994
2000068937
2000112682
1235315759
1235299236
1234704620
1234977863
1235311371
1234626208
2000100892
1234722060
1234996580
1234824560
1234660888
1235016147
1234711129
1234621209
1235451197
1234658195
1235303463
1235300459
1234797997
1234582836
1234641906
1235453953
1235080553
1235200198
1235124237
2000083987
1234586825
2000032966
1234693212
1235439979
1235440277
1234992621
1235440596
1234715388
1235286646
1234994437
1235114571
1234578911
1234667870
1234594879
1234570975
1234618336
2000065743
1234987706
2000083498
1234672507
1235020385
1234649644
1234641384
2000216685
1235102885
1234586888
1234971966
1234976389
1235315713
1235018948
1234700607
1235173213
1234665937
1235302394
2000167051
1235299612
1234719119
2000147070
2000081802
1235042679
1234974193
1234646428
1235128612
1234715348
1234669456
2000122043
1235143253
1234709223
1234647440
2000085726
1235455343
1235317561
2000150307
1235288921
1234601308
1235004611
1234570809
2000133882
1234628178
1234671062
1235079631
1234606592
1235251718
1235025227
1235303875
1235316745
1235166950
1234591234
1235157506
1235022608
1234711507
1235021862
1235037143
1234933425
1234678932
1234661937
2000127285
2000150263
1235314099
1234638698
1235122879
1235005487
2000106998
2000080232
1234652858
1234721993
1235001481
1235023803
1235303002
1234686241
1235293230
1234701402
1235448800
1234680716
1234634840
2000074512
2000112419
2000068139
1234685483
1235041935
1234602705
1235200602
1234930965
1234637318
1235303446
1234604211
1234976898
1235281713
1234702046
2000066504
1234646822
1235109351
1235016972
1234719538
1235451201
2000128705
1235158012
1235303455
1235319194
1235028592
1234638063
1234712613
1234714623
1235133252
1234593295
1234653075
1234575373
2000073684
1234883234
1234973982
2000111783
1234593430
1234629533
1235028203
1234788639
1235166948
2000080677
2000067485
2000119285
1235318433
1235291563
1234933575
1234770404
1234580746
1235027908
1234647655
1235074493
1234583607
1235308829
1234689784
2000191460
1235305076
1235148101
1234989161
1235117078
1234705605
1234584524
1234716834
1234647187
2000071180
1235304349
2000216526
1234841353
1234716018
2000074232
1235213509
1234640524
1234649186
1234996568
1234700000
1234994880
2000132544
1234982151
1235139964
1234994274
1234661314
1234842607
1234856103
1235168100
1234640762
1235311307
1234578517
1234987089
1234804393
1234676993
2000073721
1235168618
1235018690
1235019395
1235313974
1234717770
1235301601
1235169605
1234671372
1234638425
1234855069
1234693441
1235285577
2000091399
1234571408
2000118943
1234713484
1235430110
1235151256
1234589538
2000109937
1234654149
1235300251
1235200319
1235021408
1234658564
2000115202
1234836069
1235155876
2000089484
1234723192
1235234287
1234983475
2000137073
1234593192
1235104614
2000143875
1234570108
1235006760
1234695893
1234631682
1235145332
1235200932
1235451223
1235014515
1234709338
1234582235
1235027449
1235484278
1235163938
1235103954
1234683098
1234705838
1235237127
1235081060
1235006595
1234714882
2000120189
1234706378
1234990468
1235020309
2000208938
1235035129
1234827159
1235167835
1235308098
1234573134
2000138066
1235283687
1234634386
1234620122
1235258186
2000112913
1235319409
1234578315
1235312152
2000130717
1234654730
1235131085
1235025415
2000165590
1234987739
1234640957
1234668812
1235149786
1235009600
1234708704
1235446943
1235257618
1234675570
2000065792
1234713746
1234983744
1234642058
1234641403
1235215107
1235281576
1235310144
1234721611
1235457941
1235004416
2000201876
2000119672
2000123425
1235008809
1234988260
1234673113
1235169787
2000119146
2000114865
1235029452
1235452503
1234568321
1234847998
2000070699
1235003654
1235015499
1235297413
1234630860
1235019039
1235199049
1235430515
2000219192
1235455746
1235447482
1235297750
1234647223
1235299233
1234690626
1235142059
1234639939
1234573622
1234669706
1234606312
1235137399
2000118731
1235005472
1235020559
1235214876
1234930335
1234671561
1234930200
1234586952
2000131304
1234600752
1234841940
1235023010
1235015595
1235131951
1235238889
1234835095
1235073511
1234978260
1235145664
1235309543
1234929491
1234998068
1234814497
1234665325
1235018168
1234650196
1234841794
1235035574
1234597457
1235460617
1234693091
1234636172
1234988649
1235144765
1234993545
1234597194
1235014823
2000067274
1235010316
1234987073
1235313730
1235480033
1234710744
1235234726
1235314260
1235292520
1235151053
1234689832
2000078066
1235462162
1234685715
2000087591
1234602065
1234572784
1234986832
1235075682
1234674678
1235026639
1235238110
1235450086
1235293036
1235298853
1234590892
2000087929
1234606011
1234703545
1235295816
1234859490
1234639408
1234675093
2000069797
1234711518
1235255882
1234702353
1235308258
1235284314
1234693961
2000146007
1234660472
1235256052
1234986895
1235313731
1235147346
1235156187
1235072273
2000081531
2000152364
2000119056
1234643063
1235319784
1235011717
1234587696
1235290998
1234666334
1235313249
1234997890
1235315780
1235429907
1235135184
1235452235
2000137131
1234604506
1234691533
1235250373
2000071706
1234988556
1234597586
2000149369
1234675689
1235028946
1235442086
1234582307
2000066959
1235448505
1234651173
2000081193
1234674187
2000067422
1234646050
1234598405
1234692934
1234660380
1234859777
1234714991
1235238177
1235022314
1234988881
1234881485
1234636046
1234687968
1234594714
1235076183
1234647382
1235447118
1235021398
1234974289
1234670107
1234639175
1234571670
1235021424
1235447351
1234629986
1235020225
1235452482
1235013072
1235144754
1234575152
1234672861
1235453707
1235430681
1234847967
1235113417
1234601187
1235198363
1235293617
1235034271
1234696182
1235291130
1234718017
1234596503
2000118912
1235448214
1234586999
1234586885
1234618543
2000146519
1235018351
1234581234
1234596281
1235447058
1234586440
1235140237
2000146166
2000114187
1234629586
1234694476
1234989406
1234667316
1235031219
1235105125
2000124529
1234831723
1234573584
1234630268
1235305373
1234718234
2000167165
1234836025
2000144102
1234856431
1234721820
1235298108
1234658582
1235252721
2000114087
1235429781
1235042557
1235297555
1235250756
1234656678
1235117366
2000107290
1235023548
2000190552
1235037466
1234720313
1234722841
1234973682
1234668179
1234655299
2000080763
2000067899
2000111453
2000125437
1235011665
1234712865
2000148433
1235306238
1235300253
1235457613
2000073152
2000084222
1235455986
1235116997
1234701374
2000072711
1235312939
1235107288
2000032918
2000115075
2000144846
1235018426
1235014834
1234569839
1234618999
1234632768
1234714527
1234681523
1235457149
1234650857
1235447774
1235005483
2000146088
1234596032
1234595602
1235235070
1235441000
1234581680
1234698845
1235486318
1234649382
1234642726
1235023666
1234663017
1234635638
1234991172
1235323673
1234708026
1234997120
1235035420
1234667140
1235429866
1234666728
1234976411
1234885012
1235115338
1234693344
1235148889
1234698836
1234995573
1235464550
1234651489
2000216487
1234785892
1234996619
1234579550
2000216790
1234573836
1234639668
1235079438
1235138759
1234639991
1234668494
1235026213
1235316595
1234707688
1235124054
2000147854
1234703318
1235453436
1234980915
2000190212
1235470316
1235304816
1235446499
1234656367
1235256818
1234975270
1234884752
2000148474
1234599712
1235461920
1235000575
1235022523
1234677789
1235294689
1235076174
1234587766
1234637242
1234994525
1235140063
1234703135
1235293228
1234661504
2000073610
1235446635
1235024481
1234720330
1234583318
1235289430
1235464934
1234647337
1235168810
1234606746
2000151725
1235253014
2000099199
1234981161
1234656886
1235452918
1235008843
1234999119
2000065521
1235168748
1234585396
2000069462
1235440733
2000068927
2000124178
1235006846
1235203180
1235020675
1234678051
2000084786
1234671945
1235454122
2000214462
1234642505
1235117740
1234698546
1234687469
1234677400
1234644738
1235075028
1235154833
1235009587
1234717744
2000117653
1234670790
1235019841
1235014237
1235131556
2000075075
1234680056
1235107945
1235301267
1234705923
1234723011
1234831818
1234808176
1235021908
1234601954
1235123536
1234667460
1235455119
1234584283
1235460908
1235034547
1234648375
2000072868
1234983048
1235104388
1234669759
1234930784
1234673342
1235448920
1234579376
1234652286
1235298025
2000218066
1235156691
1234579495
1235012563
1235025599
1234597197
1234704485
1235213898
1234601311
1235022176
1234686025
1234638704
1235294419
1234854528
1234659771
1234846376
