1234595441
2000166953
1234590599
1234582659
1234574850
1234582071
1234600265
1234571070
1234578412
1234592091
1234572028
2000197986
1234590507
1234579247
1234580239
1234581318
1234574744
2000102486
1234572507
1234573555
1234573915
1234591006
1234584654
1234596412
1234601766
1234579108
1234582858
1234587792
1234592845
1234578730
1234606344
1234597270
1234575954
1234606120
1234586525
1234586571
1234572738
1234593401
1234579634
1234598535
1234586796
1234596423
1234581763
1234602247
1234600373
1234593910
1234597664
1234582607
1234592956
1234601672
1234591155
1234576946
1234570688
1234569034
2000118158
1234606033
1234585224
1234604862
1234603753
1234596294
1234578103
1234585463
1234588094
1234594971
2000114871
1234584091
1234592054
1234570476
1234591412
1234572594
1234569645
1234585970
1234587114
1234569266
1234591105
1234587179
1234587131
1234589535
1234601600
1234600776
1234605227
1234603546
1234583773
2000115674
1234572277
1234578809
1234579261
2000118726
1234578431
1234572223
1234568968
1234594898
1234604609
1234583628
1234578058
1234600590
1234595114
2000166757
1234605512
1234589975
