1234928917
1235075672
1235073105
1235194583
1234933241
1234618965
1235073788
1235082824
1235077815
1235073900
1235077678
1235074852
1234625550
1235074489
1234623908
1234621043
1234624054
1235072118
1234928914
1234618815
1235073170
1234618833
1235073745
1234621002
1235074848
1235074768
1234928742
1235078775
1234623627
1234929523
1235075485
1234932393
1235075235
1234622710
1235073103
1234623989
1235074065
1234930447
1235071379
1234620753
1235079259
1235075465
1235072519
1235072946
1234620331
1235079836
1235077497
1234627045
1234621050
1234622837
1234626460
1234625517
1234930424
1235257224
1235073006
1235082137
1234932951
1234624037
1234626328
1235071070
1234623125
1235071592
1235082863
1235075176
1234622565
1235324024
1235324121
1234622613
1235082222
1235202564
1234618872
1234928943
1234619889
1235071850
1235080610
1235323688
1234618967
1234928388
1234626256
1234931614
1234931981
1235073264
1235075236
1235075584
1235323834
2000192376
1234623502
1234621395
1235081860
1235079269
1235195480
1234622535
1235082593
1235248644
1235078278
1234626513
1235071691
1235071894
1235074713
1234626534
