1234590242
1234568236
1234593121
1234586029
1234569637
1234569835
1234594205
1234600153
1234597982
2000118290
1234584539
1234574877
1234582443
1234603434
1234605619
1234572670
1234603944
1234600275
1234594536
1234590337
1234576424
1234599457
1234588612
1234578336
1234603258
1234573398
1234581764
1234587734
1234593880
1234588282
1234572634
1234588402
1234594216
1234578416
1234600036
1234588054
1234593157
1234593913
1234582405
1234599760
1234598672
1234571005
1234598019
1234572523
1234603173
1234603177
2000109884
1234599078
1234593081
1234586257
1234572102
1234580387
1234572706
1234588423
1234599080
1234579645
1234571044
1234572238
1234575252
1234591009
1234604475
1234577882
1234568214
1234594652
1234574672
1234572769
1234601177
1234574385
1234603194
1234586163
1234583146
1234574010
1234578183
2000134609
1234580686
1234571071
1234594906
1234589744
1234583236
1234577975
1234591902
1234591288
1234589457
1234568193
1234577947
1234586752
1234588947
1234602762
1234570809
1234582036
1234589816
2000134610
1234599090
1234598573
1234597762
1234583453
1234589572
1234568676
1234587099
1234590895
1234603209
1234572818
1234594587
1234584919
1234586060
1234571144
1234579061
1234579484
1234600397
1234597445
1234576452
1234576038
1234595898
1234571542
1234594845
1234603549
1234578369
1234594616
1234602700
1234601012
1234571635
1234601425
1234597312
2000166964
2000167150
1234581420
1234574748
1234583812
1234595085
1234594805
1234603419
1234570624
1234594480
1234603162
1234587111
1234575400
1234592694
1234581128
1234579174
1234578676
1234593656
1234604754
1234580760
1234588060
1234587801
1234602156
1234579761
1234600011
1234596295
1234584003
1234599172
1234599769
1234583928
1234578130
1234583663
1234568902
1234590659
1234597597
1234597975
1234570498
1234599829
1234582371
1234594036
1234592677
1234595080
1234585073
1234571203
1234591819
1234590881
1234579587
1234600028
1234581269
1234568310
1234572892
1234573551
1234596160
1234571522
1234577572
1234587001
1234585285
1234568844
1234594572
1234602598
1234580269
1234603051
1234581144
1234591820
1234605605
1234574874
1234598386
1234570571
1234568864
1234577162
1234572426
1234602992
1234584137
1234599475
2000166655
1234599463
1234597496
1234570985
1234599567
1234589697
1234580815
2000166673
1234605119
1234601749
1234571645
1234587471
1234603630
1234606079
1234569779
1234573513
1234595456
2000165918
1234572609
1234574064
1234604375
1234583200
1234601714
1234588624
1234596381
1234598124
1234604185
1234581083
1234597617
1234576518
1234592759
1234593172
1234576081
1234583981
1234588193
1234587588
1234594798
1234578227
1234595693
1234592611
1234576914
2000100993
1234590190
1234603854
1234571861
1234576954
1234606282
1234576903
1234572535
1234578371
1234587212
1234572437
1234591332
1234573677
1234569374
1234572096
1234591146
1234578729
1234582672
1234595310
1234574633
1234606111
1234570383
1234604363
1234579513
1234574009
1234579463
1234586268
1234590694
1234603704
1234581108
1234574050
1234574499
1234588826
1234602218
1234593921
1234587090
1234602620
1234586567
1234586481
1234595941
1234585048
1234569687
1234595953
1234594212
1234598490
1234572762
1234578988
1234599978
1234599185
1234577378
1234579163
1234570363
1234590569
1234606355
1234568598
1234584560
1234577297
1234592848
1234601640
1234603696
1234578055
1234585302
1234579242
1234581691
1234575247
1234576849
1234569589
1234594633
1234568885
1234576942
1234583333
1234601213
1234597279
1234597522
1234592895
1234588307
1234594856
1234585096
1234570251
1234568998
1234588736
1234595430
1234602977
1234570849
1234579545
1234593110
1234577802
1234574935
1234590561
1234582094
1234593593
1234571117
1234580733
1234580752
1234595345
1234598251
1234599487
1234602584
1234593893
1234583852
1234599570
1234589726
1234599361
1234582921
1234582040
1234589394
1234577540
1234583032
1234588338
1234580819
1234606344
1234589273
1234571884
1234591270
1234597192
1234584171
1234592083
1234577701
1234573634
1234584367
1234576040
1234604773
1234605094
1234581571
1234600891
1234574341
1234599939
1234597481
1234586076
1234595551
1234576718
1234570692
1234587862
1234576648
1234591041
1234585047
1234594653
1234575414
1234585381
1234570105
2000134608
1234598959
1234581679
1234597948
1234586136
1234590796
1234600595
1234597457
1234576854
1234570246
1234570252
1234578362
1234572832
1234569910
1234574830
1234604270
1234603145
1234605939
1234597786
1234577752
2000134055
1234587795
1234584725
1234580436
1234576638
1234579213
1234605945
1234585478
1234603950
1234605525
1234587309
1234600914
2000114618
1234584904
1234590093
1234603611
1234578648
1234593933
1234583630
1234578610
1234571947
1234591855
1234575558
1234598021
2000134643
1234575376
1234572257
1234581132
1234576041
1234575177
1234580254
1234585775
1234595686
1234576348
1234576457
1234582073
1234575079
1234595537
1234579302
1234595129
1234583843
1234572244
1234578255
1234599779
1234594337
1234602955
1234588258
1234600876
2000110020
1234584965
1234603886
1234570456
1234601715
1234584893
1234604354
1234573135
1234590508
1234571356
1234598702
1234585318
1234588375
1234598695
1234606341
1234593730
1234602033
1234575622
1234590999
1234580522
1234575706
1234605658
1234578625
1234603382
1234587100
1234582291
2000165615
1234568428
1234572722
1234601949
1234586865
1234585869
1234570296
1234599494
1234598668
1234575528
1234597460
1234598814
1234570235
1234572086
1234594790
1234575333
1234582592
1234585206
1234589159
1234597603
1234601773
1234570266
1234577710
2000207934
1234583856
1234580723
1234604634
1234573481
