1234575617
1234571839
1234583875
1234577745
2000134575
1234604465
1234581882
1234602943
1234569776
1234599020
1234600747
1234605177
1234571604
1234591136
1234587332
1234574349
1234601027
1234585466
1234595562
1234591139
1234593722
1234594535
1234592886
1234606079
1234588443
1234584070
1234600846
1234572223
1234600460
1234568261
1234576595
1234597936
1234589723
1234603972
1234572958
1234583542
1234601691
1234586043
1234585484
1234571331
1234569352
1234594634
1234585391
1234597879
1234577411
1234585401
1234577207
1234601564
1234592286
1234585661
1234571660
1234594997
1234597317
1234577054
1234571537
1234577099
1234588468
1234570070
1234597822
1234578339
1234585753
1234592303
1234598384
1234568820
1234594657
1234600895
1234577871
1234579388
1234570360
1234591849
1234578957
1234590333
1234603095
1234575373
1234590686
1234597549
1234595543
1234584907
1234583057
1234593332
1234579514
1234577775
1234588072
1234595320
1234603345
1234588289
1234605096
1234575771
1234599011
1234597272
1234576349
1234602394
1234577468
1234603280
1234603634
1234577004
1234574325
1234594145
1234571845
1234589867
1234599863
1234601950
2000167651
1234593421
1234593182
1234587793
1234595343
1234575185
1234590997
1234595125
1234595536
1234570629
1234588427
1234603815
1234590539
1234603945
1234590192
1234569699
1234593904
1234584444
1234592048
1234595915
1234603645
1234604295
1234581570
2000188596
1234568347
1234588452
1234583327
1234574787
1234603126
1234591224
1234592095
1234605029
1234590385
1234597343
1234598057
1234592362
1234601068
1234589221
2000195803
1234592958
1234571930
1234597323
1234598468
1234587623
1234585278
1234582241
1234588126
1234572010
1234590515
1234592739
1234599190
1234583941
1234575303
1234600852
1234578729
1234597661
1234575974
1234571020
1234569750
1234583209
1234577696
1234573943
1234603088
1234578504
1234605498
1234600424
1234603691
1234602174
1234568657
2000118502
1234586131
1234584858
1234602909
1234594140
1234604442
1234571606
1234587768
1234577311
1234568381
1234584611
1234579177
1234575522
1234597609
1234572479
1234595216
2000166933
1234579612
1234599720
1234583296
1234600695
1234594863
1234597183
1234586457
1234569363
2000134653
1234589098
2000166792
1234606381
1234589172
1234605558
1234576072
2000118345
1234571718
2000165743
1234577802
1234584845
1234582270
1234583718
1234591947
1234593665
1234568421
1234578405
1234594281
1234568798
1234605252
1234576015
1234572555
1234589486
1234605570
1234600639
1234588838
1234584769
1234597238
1234589157
1234590902
1234580810
1234572488
1234574306
2000118122
1234606164
1234577308
1234568681
2000179448
1234597800
1234584792
1234599592
1234599309
1234604049
1234577033
1234569858
1234574793
1234588726
1234593778
1234600006
1234589246
1234584381
1234579243
1234602692
2000166666
1234587548
1234568826
1234583594
1234600832
1234573174
1234591046
1234604315
1234588530
1234572028
1234599292
1234576024
1234596331
1234571990
1234588163
1234577868
1234595595
1234595757
1234598227
1234575632
1234598668
1234577932
1234592599
1234569740
1234572465
1234584760
1234588147
1234580955
1234602710
1234585270
1234584965
1234604278
1234584679
1234584798
1234578505
1234593671
1234585885
1234583295
1234577370
1234587993
1234568821
1234601594
2000165854
1234573605
1234596294
1234596053
1234598906
1234585616
1234598525
1234605155
2000212844
1234585726
1234571384
1234576913
1234572678
1234584107
1234605475
1234587653
1234590703
1234585773
1234582368
1234588221
1234573504
1234570936
1234602896
1234594838
1234585977
2000117663
1234601492
1234606082
1234570411
1234582627
1234576543
1234569756
1234583041
1234601479
1234581030
1234582271
1234598767
2000119402
1234574242
1234569934
1234587035
1234586608
1234581575
1234574715
1234600472
1234586505
2000118725
1234599984
1234592092
1234584043
1234571347
1234571214
1234606294
1234577634
1234574258
1234600911
1234568983
1234569862
1234590118
1234570385
1234584286
1234577274
1234603222
1234597192
1234599406
1234587322
1234594911
1234594966
1234575502
1234596363
1234590782
1234592221
1234603875
1234598501
1234601309
1234596257
1234603454
1234593684
1234579759
1234600655
1234595094
1234587462
1234577476
1234577993
1234604751
1234588896
1234603750
1234588977
1234578402
1234574130
1234597613
1234570853
1234597342
1234598779
1234594960
1234590408
1234585852
1234571642
1234597626
1234584725
1234596046
1234573501
1234574517
1234587792
1234569641
1234595528
1234577112
1234598518
1234577722
1234589176
1234588728
1234581138
1234576859
1234570473
1234604690
1234589938
1234576801
1234588456
1234603533
2000212849
1234587245
1234575159
1234591188
1234587844
1234581116
1234602702
1234585871
1234596450
1234583280
1234604160
1234593205
1234606384
1234592347
1234586514
1234586594
1234589196
1234573838
1234584863
1234573450
2000166712
1234570941
1234571541
1234570472
1234598313
1234577967
1234587234
1234589111
1234579076
1234575645
1234597311
1234590232
1234577124
1234601980
1234572429
1234587544
1234571173
2000134574
1234570819
2000167567
1234588299
1234571781
2000114960
1234569654
1234571885
1234599739
1234603896
1234571593
1234582846
1234604198
1234592752
1234593817
1234605544
1234583615
1234592920
1234599237
1234573620
1234594321
1234579452
1234571372
1234587512
1234575273
1234568397
1234568425
2000165764
1234592967
1234591141
1234585724
1234594165
1234586925
1234585960
1234597484
1234595404
1234592874
1234586926
1234598110
1234600650
1234579885
1234587111
1234588784
1234596042
1234585148
1234574400
1234584491
1234569217
1234573367
1234571533
1234595075
1234584269
1234570414
1234575160
1234594476
1234599296
2000139194
1234593547
1234577401
1234575124
1234588237
1234587501
1234588284
1234594523
1234597293
1234598914
1234603494
1234597285
1234574305
1234568661
1234568559
2000167051
1234580516
1234603361
1234575975
1234571501
1234600860
1234577580
1234589317
1234586022
1234569051
2000167128
1234582991
1234593660
1234570390
1234597427
2000164237
1234576429
1234591942
1234586478
1234588013
1234577638
1234591906
1234574322
1234570396
1234579878
1234605438
1234604964
1234592157
1234595614
1234569133
1234592698
1234603168
1234573811
1234596232
1234600455
1234578376
1234570912
1234589644
1234569209
1234583539
1234585909
1234603378
1234590605
1234584815
1234578643
1234594746
1234588537
1234574943
1234592966
1234579884
1234568991
1234593212
1234575367
1234571709
1234571086
1234598020
1234589395
1234588417
1234584072
1234576706
1234572833
1234571933
1234570850
1234601204
1234594475
1234587114
1234582048
1234598718
1234593390
1234604434
1234571774
1234598869
2000113583
1234585895
1234589460
1234578259
1234573953
1234578353
1234590688
1234584575
1234582845
1234572927
1234570797
1234594233
1234597829
1234578468
1234593460
1234586521
1234576912
1234593815
1234594829
1234578446
1234601958
1234586587
1234585088
1234578267
1234599518
1234593961
1234585533
1234598919
1234577268
1234597233
1234584053
1234574178
1234587030
1234587687
1234603555
1234581180
1234605946
1234585683
1234582617
1234606190
1234569605
1234569219
1234593427
1234586133
1234606144
1234587516
1234589711
2000107784
2000117676
1234583973
1234583288
1234575977
2000102487
1234604414
1234598758
1234575505
1234574014
1234569543
1234591232
1234578338
1234577948
2000101141
1234585887
1234593402
1234585308
1234593844
2000165906
1234586785
1234588625
1234595372
1234588055
1234588428
1234601085
1234572705
1234595229
1234572060
1234568562
1234583058
2000153004
1234569501
1234574743
1234594564
1234580750
1234587729
1234579483
1234593479
1234598717
1234600543
1234603090
1234605024
1234586884
1234605527
1234590491
1234604161
1234576095
1234580613
1234595042
2000167157
1234573000
1234606379
1234580953
1234573674
1234597887
1234601630
1234593067
1234576897
1234571527
1234578131
1234575631
1234605132
1234593416
1234570467
1234572530
1234580560
1234574475
1234581345
1234582460
1234589502
1234580385
1234586395
1234588534
1234592231
1234593681
1234577284
1234588437
1234578848
1234584659
1234571027
1234569128
1234578357
1234581529
1234603283
2000167071
1234579150
1234602773
1234601643
1234573843
1234605295
1234597720
1234576518
1234595101
1234596350
1234593231
1234588020
1234571526
1234588663
1234581761
2000117853
1234597653
1234595984
1234574577
1234570664
2000118474
1234576552
1234604552
1234596180
1234571602
1234578400
1234572651
2000118501
1234601145
1234603160
1234583760
1234575312
1234605409
1234574157
2000115674
1234583212
1234581479
1234585051
1234590677
1234591549
1234599404
1234593868
1234590642
1234573488
1234593811
1234593922
1234603417
1234586815
1234594702
1234594328
1234586858
1234573515
1234581166
1234578050
1234569415
1234574022
2000167557
1234593998
1234599063
1234582317
1234595953
1234595988
1234574502
1234587172
1234572455
1234587031
1234582489
1234583930
1234571949
1234598712
1234576466
1234590141
1234593945
1234592166
1234574491
1234602546
1234570349
1234582739
1234584553
1234571350
1234578390
1234577325
1234588347
1234603468
1234581654
1234584856
1234587464
1234578824
1234569260
1234604480
1234593454
1234582592
1234587383
1234569831
1234587963
1234575752
1234581788
1234573029
1234586924
1234568906
1234595344
1234582971
1234581707
1234598762
1234599558
1234568239
1234568521
1234572531
1234575147
1234568254
1234574438
1234586891
1234572549
1234575602
1234598407
1234603341
1234571342
1234589804
1234575210
1234582239
1234592902
1234598130
1234605993
1234572757
1234598557
1234588260
1234589382
1234578920
1234592218
1234585133
1234587089
1234583458
1234592790
1234595090
1234584180
1234585292
1234598623
1234576401
1234570874
1234590647
1234582598
1234568413
1234589277
1234584892
1234602493
1234583964
1234572058
1234597322
1234597474
1234584745
1234595754
1234573944
1234603756
1234596097
1234605378
2000178844
1234577332
1234588036
1234583165
1234589140
1234572491
1234604497
1234586256
1234593422
1234603032
1234570564
1234591011
1234571891
1234574128
1234585467
1234572420
1234568459
1234576002
1234586823
2000109877
1234572481
1234588131
1234594345
1234579015
1234574235
1234583224
1234579412
1234595392
1234571873
1234592839
1234577528
1234598382
1234590668
1234598555
1234578203
1234588555
1234592363
1234603432
1234588859
1234572835
1234588167
1234580817
1234584652
1234605256
1234605451
1234592265
1234606291
1234586759
1234595942
1234576017
1234600719
1234583725
1234570244
1234570604
1234572771
1234604617
1234579025
1234575750
1234570811
1234586517
1234574635
1234598785
1234577312
1234576849
1234575333
1234594158
1234587381
1234601647
1234569395
1234601615
1234586493
1234604330
2000109909
1234605912
1234568639
1234594970
1234570943
1234599290
1234573823
1234582687
1234586585
1234568333
1234584576
1234585949
1234577197
1234576399
1234590808
1234604448
1234578305
1234589116
1234596435
1234598981
1234572427
1234598408
2000166749
1234586144
1234589801
1234603306
1234574459
1234591374
1234586013
1234578113
1234603215
1234592607
1234568533
1234595038
1234572964
1234600903
1234586694
1234584419
1234595681
1234573407
1234581511
1234594810
1234571321
1234570857
1234589232
1234602231
1234598685
1234600339
1234602658
1234603421
