1235170321
2000062610
1234843822
1235106695
1235466206
1234970192
1235135085
2000090510
2000115478
2000083788
2000107400
1235214216
1235135087
1235465124
1235212562
1235133710
2000081179
1235140973
1234911645
1234800039
2000199708
1234853598
1235105323
1235155991
1235170869
1235152882
1235118510
2000088189
2000114707
1234796109
1235142014
1235108057
1235130350
1235155251
1234814574
1234792429
2000087129
1235255526
2000214946
2000075958
1234827056
2000113751
1234932535
2000102511
1234855721
1235135309
1234855079
1234847665
1235143048
1235167551
1235237211
1235168872
1235239991
1234933042
1235156235
1234796917
1235213739
1235323179
2000155496
1234782871
1235217965
1235151712
1234933094
1235173852
1235119931
2000078057
1234799916
2000107544
1235107650
1235111571
2000078895
1235168190
1235119793
1235166632
1235165840
1234800351
2000087748
2000187637
1234930799
2000088155
1235121418
1235117499
1234884148
1235126840
1235470004
1234859898
1235117193
1235123521
1235203387
1235157427
1234843338
1234929771
1234847754
2000079872
1235158226
1235107158
1234930257
2000198577
2000077237
1235144485
1235144991
1235143499
1235116141
1235108632
2000078623
2000138055
1234844239
2000113892
1235464768
2000087676
1234858928
1235253293
1234853608
2000027563
1235239659
2000115798
1235152007
1235139079
1235210814
1235130065
1234930289
1234843649
1234884785
2000115639
1235168839
1235169843
1235140150
2000076833
2000090092
1234933193
1235117388
1234841894
1234843134
2000083333
1235146179
1235132730
1235170166
2000199940
1235147130
2000106323
2000078862
1235239262
2000064873
1235201549
1235219528
1235171860
1235145865
1235251969
1235189934
2000118953
1235125817
2000207937
1235327299
1235169468
1235165602
1235147594
1234827532
1234804397
1235114001
2000084786
2000210751
1235251897
2000085789
1235165517
1234799461
2000114434
1235108362
1235460937
2000064426
2000086478
1235139247
1235121445
1234911727
1235146802
1235235873
1235114821
1235113297
2000078279
1235221094
1234859278
1235125897
1235120976
1235146111
1234930296
1234854495
1234794887
1234853991
1234798768
1235140257
1235143284
2000091992
1235147025
1234789324
1234933149
2000084493
1235164365
2000085249
1235255501
1235133705
1235154131
2000086247
1235322988
1235233510
2000119377
1235146662
1234820732
1235143493
1234844329
1234781821
1235153846
1235245770
1234846729
1234853819
1235235182
1235150018
1235115944
1234854807
2000204202
1235255410
1235166744
1235464693
1235108423
1235255804
1235236464
2000032199
2000195087
1235210942
1235169026
1234798384
2000200492
1235133474
2000079979
1235213271
1235106723
2000134095
1235149753
1234841317
1235218091
1235237925
1235110508
1235459827
2000188333
2000165815
1235123888
1235124935
1235117891
1235148143
1235105073
2000114795
1235169978
1235162697
1235235740
2000091414
1235112418
2000114403
1235464955
1235105820
1235104967
2000088913
1234831722
2000064366
2000198370
1235155482
1235117350
2000198078
2000192547
2000086000
1235139557
1235167521
1235148945
2000089946
1235137998
1235149984
1234849175
2000119369
1235123796
1234930504
1235170880
2000090791
1235114932
1234795701
1235161518
1234933163
2000198751
2000076694
1235151249
2000063679
2000198855
2000089509
2000063067
1235126193
2000199669
1234842883
1235168195
1235234448
1235152498
1234821079
1234932488
2000209389
1235238031
1235147417
1235142890
1235111421
1234933181
1235158686
1234823657
2000164278
1235130220
1235171918
1235229618
1234883984
1235144537
1234842190
1234785972
1235167359
1235111196
2000165809
2000114835
1234800245
1235124797
1235122248
2000075729
1234856698
1235235612
1235137152
1235462754
1235167019
2000079203
1235187198
1235166391
1234841391
2000216207
1235253432
1234797950
1235143590
1234796474
1235144257
1234797559
1235119284
1235322971
1235462258
1235166898
1234807439
1234842470
1235156086
2000063628
1235127328
1235153210
2000075345
1235148351
1235124516
1234929489
2000091074
1234854695
1235152571
1235464446
1234853509
1235168682
1235464355
2000118647
1234929633
1234843240
1235124593
2000092317
1235118956
2000195279
1234796922
1235151037
1234884545
1235148347
1234827352
1235214035
1234859717
1235235073
1235143226
1234841893
1234792104
1234970124
1235109495
1235139160
1234842382
1235103769
2000119278
2000027644
2000078180
1234846692
2000134013
1235117480
2000063010
1235166760
1234860050
1234883985
1234794576
1235168709
1235253292
2000214275
1234929783
1235171688
1235248481
2000074357
1234932356
2000090321
2000075541
1235139877
1235139761
1235107508
1235149680
1235210301
1234969575
1234840929
1235245921
1235146650
1235152390
2000107531
2000197814
1235169164
2000087187
1235239201
1235170673
1235466162
1235129875
1235247394
2000082250
1234807774
1235253118
1235157293
1235113037
1234797945
1234884628
1234812026
1235153111
1235167903
2000095256
1235113053
1235149596
2000081744
1235322516
1235104519
2000107439
1235126944
2000201008
1235465749
1235157443
1234843759
2000195013
1235253266
1234854398
1235126808
1235115800
1235116880
1235217838
1235107366
1235323463
1235149787
1235202083
1235165725
1235459323
2000106663
1235129645
1235149584
1234933631
1235234417
1235168662
1235156883
1235238110
1235146904
1234881807
1235155020
2000115489
1234848616
1235253074
1235247371
2000215946
1234789903
2000118919
2000077332
1235114595
1235113177
2000089860
1235218780
1235140489
1235113828
2000199774
1235215045
1235461896
1234841868
1235170633
1234836388
2000178878
1234800021
2000192743
2000105894
2000081835
1235234512
1235125250
2000138281
1235256294
2000200033
1235118967
2000087545
2000119624
1234835761
1235157423
1235156318
1235148708
1234969853
1235146677
1235465184
1235169877
1235249662
2000164226
1234803974
2000166693
1235158440
1235157193
1234835381
1234785965
1235211038
1235124492
2000191989
2000114529
2000078572
1235118386
1235148097
1235240320
1235222631
2000075230
2000164363
1235240551
1235214202
1235173209
1234932189
1235154295
2000196533
1234781429
1234903103
1235121222
1235123769
1235170914
2000086216
1235239790
2000139303
2000105677
1235249655
2000165659
1235165102
1235142369
1235168368
1235156052
1235156603
1235464475
1235164837
2000074284
1234933624
2000165994
1235215897
1234932936
2000077413
1235162133
1235255752
2000114404
2000084126
1235153708
1235184468
1235120070
1235147658
1235148421
2000106828
1235171328
1235210165
1235137167
1234847778
1235171245
1235252457
2000089851
1235322929
1235240234
1234773564
1234856570
2000140166
1235236513
2000088232
2000079698
2000084294
1234856383
1234789967
1235202188
1234855106
1234844234
1235238049
1235210245
1235167345
2000204315
1235148836
1234856718
1234853366
1235159356
1235215961
1235148350
1235145491
1234933038
1235119309
1235106719
2000079996
1235135488
2000197202
1235116351
1234884765
1235110700
1235322895
1235122392
1235120224
1235152579
2000200000
1235132693
1235103052
1235256231
1234929885
1235107060
1234828002
1235235470
1235148380
1235464749
1235156441
1234859581
1234853371
1235166070
1235112505
1235167328
1235104521
2000082313
2000074810
1234849150
1235131586
2000114512
1235143120
1234933104
2000201265
1235245169
1235252485
2000082798
1234855427
2000197791
2000215077
1235156956
1235106697
2000197226
1235129356
2000107536
2000085596
1234883572
1235158636
2000106506
1235138608
1235219344
1235210143
2000089923
1234883667
1234847612
1234798146
2000114566
1235113682
1234809266
1235167377
1235152039
1235219374
1235113341
1235102845
1235115130
1235256241
1235146748
1235145155
1235122632
1235323495
2000088551
1234849396
1234859864
2000091213
1234804707
2000113815
1235148029
2000166001
1235146427
1235167578
1235121401
1235216203
1234852307
2000075640
1235104302
1234856042
1235131304
1235242566
1235154386
2000105446
1235459755
1235141920
2000197828
1234929542
1235143300
1235149863
1235165373
2000074603
1235136650
1235150576
1234814504
1235217315
1235132333
1235128705
1235106497
2000064837
2000214405
1235464967
1235147563
1235152942
2000077878
1235142623
1235235207
1235211505
1235161862
2000081360
2000084027
2000106865
1235154544
1234885202
2000079634
1235153959
1235146428
1235166950
1235105025
1235155611
2000204566
1235165947
1235184419
1235151154
1235464783
1235151710
1234854227
1235168375
2000140187
1235252111
1235242144
1235110565
1235240574
1235155985
2000106872
2000198961
1235131509
1235255089
1235119895
1235460662
1234883123
1235151395
1235236302
1234933802
2000118185
2000079278
2000083844
2000179141
2000082531
1235228814
1235165794
1234815043
1235142594
1235256879
1235255588
2000212656
1235119285
2000085856
2000204856
2000119141
1234859437
1235146848
1235255535
1235122748
2000114003
1235118478
2000090585
2000107344
1234883620
1235167566
1235169252
1234848542
1235158230
1235465160
1235104249
1235218427
1234835396
1235149898
1235137361
1235212320
1235132109
1235234022
1235150801
1234831866
1235214462
2000082533
1235111157
1235123676
1234853062
1235131123
2000113798
1235130192
1235229984
2000105492
1234815817
2000106871
1234853474
1235103795
2000107524
1234797936
1235142229
1235106929
2000212603
1235142515
2000078038
2000178690
1235131140
2000079651
1235117880
2000085180
1235149857
1235171665
1234847842
1235152859
2000075187
1235257064
2000084348
1235153203
1235240798
1235150818
2000113426
2000082261
1235129482
2000075194
1234835473
2000090974
1235251780
1235120920
1234930042
1235115730
1235120394
1235163129
1235127635
1235115267
1235152703
1235148622
2000204303
2000215270
1234841390
1235142266
1235459912
1235185786
2000197491
1234843092
1234911656
1234858937
2000118424
1234791386
1234883986
1235150464
1235126257
2000116141
1235148730
1235150334
1235170816
1235155618
1234911744
1235132678
1235170422
1235151754
1235116851
1235114643
2000094858
2000114439
2000180766
1235156177
1235114461
1235155463
2000119050
1234848990
2000113422
1235154841
1235250755
2000199855
2000200163
2000088183
1235173653
1235107945
1235465737
1234798730
1235140425
2000083992
2000080018
1234884759
2000106538
1234817526
1235236852
1234854193
1234853689
2000081965
2000113958
1235254652
1235238517
1234931699
1235158509
1235214249
1235105417
1235238491
1235148111
1235170679
1235211846
1235251857
1234855628
1234856841
1235223125
1235119796
2000080040
1235212975
1235156621
2000215083
1234827524
1234970341
2000139266
2000102508
2000079975
2000082012
1235234246
1235136924
1235462299
1235148172
1235170087
2000138266
1235126465
1234841158
2000090305
2000100900
2000201327
1235140031
2000078949
2000094838
2000106646
1235113912
1234847874
1234854260
1235124582
2000185505
1235130965
1235138364
2000115522
1235139223
1235123941
1235142257
1234884932
1234783351
1235238006
1235167950
1235166926
2000089451
1234932624
2000085989
1235153875
1235218821
2000079489
1234843503
2000106498
1235180474
1234785852
1235229476
1235151907
1235216373
2000082353
1234852397
1234804392
1235165016
1235165896
1235322664
2000090883
1234794888
1234853890
1234882896
1235173210
2000106565
1235128075
1235162969
1235131760
1235156522
1234969060
2000215897
1235166575
2000113404
1235117746
2000085740
1235117864
1235136527
1235149851
1235168251
1235251368
1235166365
1235158400
2000084084
1235121559
1235237673
2000198914
1235147694
1235108022
1235466301
2000178973
1235140787
1235149473
2000198122
1235117945
1235104527
2000113827
2000115295
2000113077
1234882392
2000074134
1235119098
1235169767
1234858773
1235252207
1235236765
1235323190
1234855798
2000098984
1235118205
1235327344
1234835629
1235238780
1235118671
2000195035
2000087584
1234930399
2000083168
1235139823
1235154833
1234883247
1235168174
1235168157
1235144852
2000074544
1235104701
2000081445
1235149761
2000082911
2000204418
1234930609
2000119243
1235219017
1235153075
1235122815
1234813207
1235149060
1234853854
2000113799
1234933078
1235464917
1235247373
1235115399
1235134347
1235102578
1234844227
1234932017
1235139634
1234773973
1235124807
1235172832
1234929823
1235140625
1235459890
1235148884
1235144128
1235143136
1235460561
2000076940
1235217857
1234930899
2000106300
1235169689
1234930746
2000081477
1235149271
1235170354
2000086119
1235140550
1235212717
1235112511
2000074526
1235129651
2000091073
1234885214
1235139456
2000074896
2000100913
1234837038
1234856725
1235148049
1234807075
1235239540
1234848987
1234844018
1235255769
1235115433
2000082816
2000118332
1234857034
1235211723
2000115847
1235107715
2000118898
1235210529
2000080114
1235107721
1235238495
1235237481
1234849033
1234844651
1234824333
1235119771
2000196045
1235161225
1235129938
1235145860
1234771244
2000090763
1235143244
1234854968
2000084218
1235113684
1235167719
1235236427
2000085692
1234849107
2000084926
1235237670
1235124079
2000107058
2000195796
2000118325
1234860070
2000199768
2000212701
1235146946
1235120019
1235107257
1234930518
1234930646
2000083123
1234841996
1235173381
1235116049
2000087175
1234835581
1234933639
2000198396
1234846951
2000078359
2000077797
2000094808
1235235410
1234847042
1235172027
1234911775
1235171527
2000106457
1235214376
1235234345
1234932285
1234882722
1235116498
1235182043
1234808222
1235255839
1234807151
1234788218
1235132297
1235128163
1234797592
1235218863
2000077054
1235149549
1234794769
1234852627
1235140595
2000204217
1234810750
1235145120
1235464785
1234969857
1235242499
2000088147
2000089898
1235236579
1235253258
2000089115
1235154724
1235214104
1235202437
1234813555
1235113426
1235154547
1235253628
1235238279
1234882862
1235170174
1235151429
1235151832
1235119075
2000193645
2000113782
1235143206
1235116263
2000165782
2000118941
1235130134
1235142551
2000106459
1235133080
1235168235
2000076512
2000080360
2000085867
1234827534
1235106249
1235130125
1235158076
2000091952
1235464497
1234800037
1235127072
1235119197
1235163927
1235210336
1234848348
1234856567
1235135019
2000101022
2000088294
1235238097
2000082079
1235119167
1235129188
2000064393
1235170392
1235110042
1235114751
2000201170
2000079193
1235150807
1235120085
1235120348
2000079155
1235103945
1235123826
1235140957
1234815396
2000107687
2000197441
1235164899
1234854365
2000114442
2000083076
1234854119
1235166479
1235226498
1235120714
1235154390
1235461168
1235253399
2000078802
1235154086
1235127900
1234853049
2000204997
1235170879
1235213460
2000199907
2000076902
1235146975
1235123800
2000077821
2000114573
1235153245
1235121520
1234771807
2000064849
1235147399
1235169950
1235115816
2000197876
1234932289
2000085814
1235149563
1235200254
1235116647
1235151807
2000199726
1234859332
1235155479
1235141690
1235125493
1235245321
1235140766
1234807629
1235115797
2000076722
1235108439
1234826773
2000105339
2000084312
1235322945
2000105948
1235152570
1234969270
1235111922
2000214408
1234846371
1234847867
1234827999
1235135188
1235157450
1235157070
1235155448
1235167356
2000195001
2000074220
1235148361
1234844391
2000198133
1235238949
2000204179
1235239730
1234884550
1235234336
2000204583
1235171926
1234882742
2000106811
1235461765
2000082241
1235253644
2000118862
1235154778
2000113693
1235143308
1235122099
2000083573
1235214374
1235140357
1235237974
1235157429
1235157377
1235150404
1235123129
2000082186
1234844982
2000084320
2000083064
2000088135
1235137845
1235215461
1235107180
2000084867
1235121605
1234859661
1235140893
1234931671
1235126190
1235153444
1235210021
2000214018
1235135074
1235137433
1235112994
1235155681
2000165519
1234883198
1235239602
2000076718
2000200887
1234856091
2000115809
1235151118
1235234971
1235167064
2000090535
1235210821
1234854207
2000197566
1234791419
1235216108
2000114564
1235144484
2000088034
1235156229
1235142004
1235158043
2000197858
2000087767
2000085444
1235169657
2000119630
2000078134
2000080163
1235172028
2000212867
1234841880
1235133723
1235217745
1235135705
1234855733
2000204408
1235118340
1235107393
1234855851
2000105394
1235164712
1235148123
2000195252
1235235644
1235124847
2000114479
1235151732
1235223152
2000115446
1235170928
1234932339
1235464701
2000107681
1235117677
1235141085
2000028112
1234824250
1234798681
1234884697
2000081914
1235130542
1234844436
1235464991
1235170319
1235238146
1235318907
1235234710
1235223689
1235216714
1234788283
1235131265
1234848742
2000115176
2000077276
2000204235
2000086636
1235146245
1235470023
2000188029
1235152052
1235460910
1234931396
1234933015
1235141595
1234853193
1234932076
1235246964
1235253588
1235323487
1235104651
1235217982
1235112366
1235322807
1235111246
1234969039
1235237831
1235181089
1235132039
1235216274
2000119179
1234969461
2000100032
1235167923
1234860109
1235108154
1235109388
2000081347
1234853830
2000063390
2000200285
1234969436
1235459758
1234789723
2000114449
2000202614
1234849455
2000115778
1235145720
2000106797
1234817774
1234883200
1235167101
1235253209
1235173843
1234829420
1235237111
1234848569
1235116893
2000115838
1235144365
1235147138
1235254860
1234821447
1235152042
1235125934
2000084258
2000076914
1235154317
2000115126
1234797515
1235144095
2000198190
1235209519
1235105905
1235106333
1234782071
1235217303
1234855671
2000084190
2000114242
1235223249
1234836725
1235170385
1235170080
1235131604
1235460134
1234930520
1234847107
1235167288
1234836078
1235133116
1234849284
1235138421
1235141138
1235237988
1234786818
1234932524
1235174695
1235234419
1235105816
1234848522
1234848197
1235253392
1234847299
2000205413
1235235487
2000165966
1235133383
1235124069
1235152706
1235251725
2000079112
2000106295
1235166212
1235124924
1234849459
1235139450
2000106610
1235238369
1234794900
1235464949
1234911807
1235172014
2000086549
2000213970
1235158517
1235327127
2000086063
1235128142
1235232063
2000090074
1235111059
1235137487
1235128105
2000089414
1235128619
1235158156
1234929326
1235153468
1235146618
1235123281
1235131655
1235221286
2000198691
1235158761
2000200297
1234844700
1235105289
2000085143
1235110593
1235153360
1234842170
1235132701
2000087589
1234882592
1235138569
1234797964
1234911750
1235218196
1235148040
1235123161
1235153504
1235163400
2000198785
1235124113
1234884772
1235114251
2000204309
1235234528
2000118529
1235132327
1234969448
2000214956
1235139261
1235235760
1235108249
2000084549
2000198937
2000114363
2000080081
1235218515
2000113976
2000113687
1234884597
1235126138
1235155073
1235235298
2000079371
1235223618
1234911687
1235253604
2000102987
1234969067
2000105138
1234853139
1235126075
2000082096
1235237125
1235147237
2000113712
1235209393
1235146765
1234855971
2000090201
1235327257
1234855814
2000078076
1235464591
1235242787
1235118381
1235173039
1235112723
1235165786
1234818616
1235117204
2000118458
1235461634
2000114763
1235135434
2000114666
1234853560
1235213768
2000087533
1235124560
1235167824
1235155333
2000166506
1235464242
1235167341
1235108793
2000091553
1234816647
1234931784
2000080686
2000074566
2000198542
1235167523
1235460954
1234810159
2000136772
1235170348
1235125503
2000079078
1235148379
1235146989
1235144495
1235464388
1235114791
1234807783
1235151404
1234847875
1235201049
1235119846
1235464859
1235148381
2000090871
1234786860
1235253064
1235146154
1235234516
2000090024
1235122739
1235168880
2000107747
1234818655
1235130863
2000115429
1234835531
1235168058
1235169592
1235201943
1234786836
1235167647
1234884525
2000100951
1235125794
2000180286
1235104535
1234854189
1235222875
1234884909
2000106919
1235105732
1235122610
2000081498
1235239104
2000088620
2000212669
1234928835
1234837051
1235128834
1235464778
2000107694
2000115417
1235119972
2000079125
2000102900
1234825641
1235164675
1235223642
2000215269
1235129244
1234859842
1235223492
1235122321
1235220563
1235238041
2000114527
1234930264
1234847309
1234798168
1235143378
1235255868
2000085490
2000064348
1235163692
1235116300
1235142901
1235124695
1235318906
2000105261
1234797928
1235215174
1235221427
2000105898
1235238217
2000119620
1234844107
2000088626
1235113541
2000085234
1235238060
1235150285
1235251799
1234859091
2000114808
2000088500
1234805042
1235166118
2000202480
1234847736
2000198818
1235248119
1235236550
1234795033
2000086051
1235143476
2000215028
2000078255
2000086158
1235139200
1235215182
2000081949
1235115260
1235156260
1235115957
1235105678
1235201290
2000198162
2000077819
1235150041
1234852179
1235255022
1235235741
1234770944
2000216176
1235237940
2000088876
1235202582
1235143531
1235107447
1234800150
2000212675
1235238142
1235152996
1234836050
1235131001
1235141130
1234883503
2000211761
1235153867
1234858022
1235117308
1235465149
2000200897
1235156453
2000076429
2000195102
1234799850
1234806631
1235149366
1235129800
1235154440
1235139717
2000074436
1235155736
1235144720
1235217241
1235153737
1234842683
1234827672
1235211760
1235459776
1235256692
2000114275
2000199687
2000084618
1235134436
1235236564
1235234540
2000080042
1234803860
1234781301
1235168318
1234800350
1234858867
2000084789
1234882696
1235215522
2000083188
2000088656
2000085125
1235125927
1235200695
1235214393
1234855703
1235146418
1235137368
1234797890
1234884138
1235156578
1234776806
1235104423
1234820006
1235107639
1235235617
1234822464
1234929510
1235462650
1235215914
1235120338
1235110048
1234843521
1235212571
1235466302
1235253681
1235227604
1234859778
1235129090
2000115722
1234853894
2000114308
2000198660
1235135567
1235108042
1234859327
1235162775
2000115540
1235131871
1235111827
1235146167
2000091115
2000114635
1234933185
1235117373
1235138861
2000077784
1234854402
2000091590
1235252756
1235129498
2000078867
2000188586
1235464276
1235234847
1235157008
1235219733
2000074364
1235129822
1235119601
1235161766
1234929543
1235158457
1235169023
1235133159
1234883543
1235108377
1235235152
1234842894
2000214322
1235122692
1235168253
1235167570
1235116828
1235253699
1235151352
1235116883
1235122390
2000091370
2000064642
1235112123
2000105645
1234883801
1235152997
1235165529
1235144246
2000099396
1235134431
1234856445
1235253603
2000179131
1235114353
1235113751
1235130782
1235121462
1235148327
1235126675
1235128558
2000212731
1234800177
2000195282
1235169334
1234776164
1234792818
2000089722
1235119358
1234858484
2000077788
2000197661
2000090273
1235237946
2000086770
1234931464
1234800229
2000198354
1235327135
1235144984
1235133984
1235123946
1235253070
2000113768
1235111878
1235247817
1235155170
2000089327
1234848474
2000090439
1235323095
1234853319
1235240533
1235242777
1235163402
1235105438
1235156474
