1235317368
1235076511
1234723795
1234930776
1235317718
2000185766
1235318725
1235250757
1234723606
2000028649
1234931322
1235256710
1234723629
1235317867
1235465748
1234859264
2000188852
1235195275
1234723794
1235317695
1234854383
1234854643
1235256980
2000116167
1235187618
1235176422
1234723734
1234931693
1234843922
1235080325
1234843917
1235317918
1234859599
1234932614
1234841715
1234931075
1235317964
1234926525
1235317722
1235240122
1235318512
1235317582
1234854629
1234843921
2000025239
1235317479
1235242376
1235077792
1234926741
1235164631
2000201493
1234842447
1235242043
1235317421
1235176421
1234854018
1234928232
1235188711
1234835352
1234859884
2000113541
1234929187
1235165183
1235193291
1234848294
1235317785
1235245460
1234835345
1235257016
1234930770
1235165173
1235242063
1235242363
1235317347
1234859598
1234931056
1235187100
2000111112
1235242364
1234723829
1235188702
1235080026
1235317341
2000092750
1234932616
1235257058
2000032993
1234854642
2000059934
1235165168
1235242516
1235317427
1235242037
1235195282
1234932607
1234930729
1234723711
2000025230
1234929097
1234723827
1234841293
1235256705
1235317702
2000113116
1234930751
1235077799
1235250786
1235317426
1234854659
1235080322
1235317594
1235317623
1234723798
1235317415
1235242379
1234770413
1235250801
1234770408
1234854673
1235175166
1235164569
1235200279
1235317320
1235175169
1235080985
1235076515
1234723555
1235076090
1235317357
1235188731
1234854337
1235203403
1234930345
1234841300
2000202580
1234929100
1235317466
1235187088
1234931163
1235082988
1234930778
1235257197
1235256725
2000113112
1235257057
1234931278
1235317627
1235077801
1234930753
1234723759
1234723714
1235317336
1235317836
1235080031
2000187996
1235242064
2000109975
1235250781
1234770404
1235242329
1234842466
1234723607
1235242042
1235202613
2000028660
1235317378
1235318716
1234770396
1235317916
1235317264
1235193180
1234926736
1235317561
1234723581
1235317654
1234841719
1235200192
1235317923
1234723682
1234723576
1235317976
2000117108
1235317628
1235242768
1234770421
1234843188
1235077164
1234723615
1235317444
2000180761
1234931161
1235317869
1235242008
1234723737
1234842913
1235318050
2000113542
1234723622
1235257014
1234930724
1234929765
1234930927
1234930747
1235318432
2000116172
1235257028
1234842453
1235256981
1235242050
1234930767
1235317583
2000025236
1234770398
1234723565
1235317943
1234854660
2000201501
1235240130
1234835374
1235317529
2000033076
1235195228
1234723596
2000092764
1235317537
1235317701
1234931698
1234846349
2000180304
1234835377
1234930775
1235317761
2000138312
1234723547
1235317629
1234841296
1235242009
1235317491
1235240103
1234854012
1234723735
1234929173
1234723781
1235317401
1234932456
1235317921
1235317290
1235317486
1234926739
1235082989
1234723597
2000116174
1234930341
1234926778
1234859266
2000028655
1235202625
1235203418
1234931312
1235187519
1235318456
1235194988
1235187670
1235317941
2000027517
1234723595
1235176437
2000100672
1234854641
1235187571
1235256721
1234853785
2000117111
1234842344
1234930734
1234846351
1235250791
1235256928
1234929186
1234859589
1235317358
1234932627
2000032610
1235317266
1234930863
1235318726
1234854335
1235317430
1235317782
1234859628
1234854334
1235242517
1235257020
1234841720
1235317286
1235317779
1234853798
1235187562
1234929138
1235317703
1234853789
2000028650
1235318308
1234859605
1235317388
1235164597
1234723618
1235076518
1235317521
1235251048
1234853796
1235202704
1235257012
1234930004
1234926361
1235318055
1235317940
1235165204
2000181183
1234848000
1234846346
1235317488
1234723551
2000118656
1235317626
1234931323
1235317355
1235317601
1235240131
1234859875
1235317866
1234723587
1235077790
1234859883
1234930007
1235188706
1234930920
2000197476
1235202619
1235080321
1234723543
1235317552
1234842326
2000180306
1235187664
1235077559
1234770433
1235317348
1234723738
1235187557
1235317518
1235202880
2000117099
1235202834
1235317945
1234930748
2000197520
1235188710
1234723625
1235317912
1234847986
1234929193
1234859878
2000092748
1234847996
1235317756
1235317435
1234842449
1234842461
1235318431
1235317468
1235317333
1234841302
1234930343
2000188416
1234930750
1235317602
1234931276
1235318719
1235317375
1234932615
1235256711
1234859585
1235317498
1235077779
1235317536
1235077782
2000027525
1234842864
2000201506
1235200285
1235317387
1234770429
1234855033
1234854382
1234930016
1235317489
1235195216
1235240093
1235165096
1235203414
1235317478
1235317611
1235165646
2000197475
1235318026
1235256987
2000028648
1234835940
1235318067
1235200121
1234932245
1234932631
1235242527
2000032609
1234847993
1234854626
1234930733
1234931279
1235242375
1235256707
1234853788
1235317642
1235202700
2000188853
1235165180
1235317905
1235164249
1235317400
1234723783
2000113540
1234723830
1235317631
1235242061
1235317363
1234723571
1235317759
1235317920
1235080033
1235176435
1235256976
1235242067
1234931273
2000059932
1234931313
1234927655
1234723533
1235317532
1234929169
1235317929
1234843189
1234854631
1235240125
1235202696
1234854663
1234854385
1235250800
1235256712
1235165195
1234926456
1235242055
1235187095
1235317547
1235202609
1234926776
1235200174
1235257023
2000059927
1234770400
1234835344
1235317604
1234723585
1235187558
1234723540
1235176420
1234723676
2000092747
1234842342
1235317758
1235165126
1234859595
1235202615
1234927584
1235317723
1235317398
1234929096
2000092400
1234859588
1235317572
1234928743
1234930929
1235187102
1235317362
1235317639
1234859880
2000118541
1235080028
1234933794
1234930779
1235317564
