1234835046
1234803212
1235155794
2000062556
1235132600
1235462721
2000087055
1235322578
1234807703
1235166544
2000090492
1234842154
1235150693
2000081817
1234844273
1235460009
1235153736
1235144874
2000083805
1235237462
1234800050
1235172601
1235167771
2000114458
2000204580
1235116368
1234853889
1234859616
1235110258
1235251426
2000099475
2000088249
1235116691
1235117174
1235249436
2000118375
2000077568
1235103821
1234823657
2000197838
1235212253
2000103620
1234844041
1235127730
1235142892
1235109509
2000197783
1235199282
1234932092
2000115845
2000199892
1234802960
1234842681
2000080015
1235201718
1235236491
1235152116
1235153963
1234841320
2000074731
1235109853
1235156229
2000085679
1235108949
1235128909
1235217568
1234854298
2000078114
1234835004
1234848554
1234828930
1235322629
2000115276
1235464524
1235196091
2000062893
2000088433
1235198193
1234853895
1235460920
1235256615
1235133442
1234818829
1235137282
1235141342
2000105327
1235242485
1234837044
2000076431
1235143280
1234848201
1235253360
1235218436
1234847156
1234836066
1235322935
2000086035
1234828001
1235237958
1235235381
1235107120
2000078712
1235213451
2000092384
1234824833
1235201655
1235125282
1234859103
2000198430
2000115225
1234818805
1235114484
1235105463
1235240781
1235213621
1235153405
1234926217
1235168533
1235132425
1235167399
2000102904
2000083838
2000082723
1235108329
1234931089
2000075666
1235121067
1234813208
2000074819
1235255546
1235132762
2000105550
1234834992
2000167692
1235119279
1234853332
1235252852
2000076423
2000212830
1235235175
1234911666
1235247638
2000088486
2000089686
1235164617
1235166730
1235135017
1235170218
1235113881
1235108161
1235122757
1234969099
1235256770
1235123651
2000086773
1234884153
1234931675
2000139201
1235161844
1235464816
1234792023
1235145710
1234856549
1235111831
1235128390
1235105677
1235137416
1235462746
1235119840
2000114301
1235119218
1235141645
1234842390
1235153877
1235459542
1235136387
1235483150
2000192697
1234803384
1235120803
1234932762
1235168840
2000203136
2000078997
1235253468
1235169421
1234799854
1235107024
2000080873
1235167964
1235155648
2000075376
1234931499
1235461122
1235120049
1235130189
1234858852
2000118783
1234842533
1234884561
1235117721
1234813644
1235105018
2000080551
1235174091
1235137839
1235105353
1235459971
1235109203
1235126083
1234825423
2000091178
2000085442
1234848910
1235153384
1235169088
1234814596
1234968839
1235323326
1235156987
2000083784
2000185406
1234884134
1235104367
1235124796
1235166352
1235141784
1235213876
1235156307
2000215304
1235147421
1235219346
2000115202
1235247352
1235132524
1235222504
2000089194
1235137940
2000213980
1235130931
1235170336
2000114568
1234931158
1234799164
1234824928
2000085757
1235138302
1235140690
2000196411
1234797915
1235139754
1235170676
1234827061
1235116541
1235247108
1235165731
1235133700
1235134213
1235171576
2000198187
2000091466
1234932547
2000115683
1235220052
1235130763
2000081687
1234860041
2000204257
2000075635
2000199799
1235145323
1234932520
1235125357
1234798155
1235165824
2000118445
1234969498
1234847419
1235103056
1235213717
2000198823
1234859889
2000076344
1235115095
2000204995
1235141365
2000200468
1235255254
1234883188
1234856475
1235214480
1234815430
1235234439
1234846502
1234772178
1235167125
2000064504
2000078750
1235108551
2000088352
1235123005
1235124815
2000078947
1235155011
2000188029
1235103383
2000091862
1235172622
1235158735
1235146178
2000091395
1235146517
1235255548
1235170529
1235109722
1235152183
1235126673
1234845311
1235251644
1234930171
1235167502
2000027555
1235112504
2000074153
1235126250
1234836125
1235223944
1235118987
1235253219
1234968928
2000192460
2000114268
2000077617
1235237485
1235149034
1235209473
1235146474
2000089859
1235125794
2000196430
1235461712
1235118970
1235165726
1234853173
1235157635
1235464247
1234796429
1235162927
1234846635
2000204348
1235221205
1235106909
1235473694
1235124841
2000079628
1235145374
1235110005
2000107062
1235165604
2000164384
1234857580
1235255767
2000212573
2000086344
2000201310
2000105217
1235119351
2000080947
1235106248
1235172415
1235223439
1234853213
1235217187
1234777102
1235119422
1234860330
1235140283
2000074475
1234884520
2000105330
1235166208
2000197192
2000107085
1235170461
2000207944
2000118529
2000089180
1234969021
1235169935
1234883032
1235251823
1235105073
2000212656
1235105457
1235141783
2000091531
1235155156
2000198799
1235109319
1235156297
1235122550
1235127303
1235237972
2000106811
1235167131
1235120554
1234882960
2000140296
1235460390
1235256006
1235106399
1235460016
1235129288
2000199938
2000063694
1235112037
2000211773
1235255638
2000101024
1234844376
1235113294
1235151388
1235156690
1234932911
1235140577
1235219147
1235169319
1235461965
1235169554
1235235036
2000080031
2000198407
1235122591
1235132431
1235131366
1235118806
2000076959
1235108076
2000197232
1234855600
1235210392
1235128128
1235213726
1235322968
1235235582
1235126270
1235234415
1235464929
2000197983
1235470022
2000200943
1234932017
1235169886
1235106619
1235146660
1235170211
1235459983
2000200976
1235139159
1234794723
2000085443
1235121325
1234883159
2000198882
1235134683
1235466233
1234834902
1235240776
2000115771
1235201199
2000078682
2000087500
1235169236
1235240791
2000080237
1234803166
1235122223
1235460651
1235170351
1235214440
1235114901
2000180824
1235112694
1235166638
1234808037
2000101013
1235153544
2000200175
1234859885
1235106048
1235113918
1235105911
1235460641
2000107097
1235151725
1235252759
1235223125
1235144060
1235219429
1235155622
1234843824
2000107765
1235139132
1235165074
1234836961
1234773220
2000212659
1235236752
1235143424
1234859836
1234883252
1235157425
1235134841
1235464886
1235107865
2000115259
1234931906
1235122410
1235169691
1235115283
1235135318
2000079528
1235112697
1235109109
1235152718
1235117135
1234929782
2000083850
1235156507
1235149647
2000106532
1235116855
1235137983
1235152731
1235127759
1234828018
1235137151
2000082013
1234883990
1234858977
1235124582
1235140422
1235242545
1234836192
1235121510
1235256610
2000199782
1235130744
2000088040
1235113514
1234834948
1234842679
1235103954
1235253534
2000118934
2000097286
1234807078
1235236444
2000167091
2000115657
1235251966
2000198871
1235256036
2000115297
1234911828
2000115228
1235167411
1235156824
1234800344
2000114676
2000080102
2000114608
2000089034
1235146066
1235138405
1235117317
1234933135
1235157045
1235146625
1235106177
1235117373
1235171803
1235464740
1234928849
1234808146
1235128883
1234810058
1235127429
1235169812
2000088414
1234791393
1234932974
2000198140
1234813646
1235210165
1235113685
1234859609
1235125402
1235460226
1235152670
1234929359
1235210745
2000106287
1234844080
1235167612
1235154922
1235240432
2000064822
1234852651
1234859269
2000083210
1235129234
1235254001
1235172494
2000105370
1235169199
1234856597
1235123084
1234831967
1234835155
2000105889
1234817603
1234627155
2000084072
2000106402
2000201645
2000088730
1235236859
1234848822
1235211827
1235165635
2000080340
1234846713
2000077304
1235126064
1235147345
1235107288
1234856017
1235118873
2000076272
2000115563
1235226304
1235123438
2000074181
2000082098
2000082505
1234797994
1235459888
1235134359
1235108700
1235216093
1234882610
1234797870
1235114355
1235162377
1234847737
1235168195
1235174686
1235147058
1235133411
1235248766
1235171143
1235164704
2000082115
2000199845
2000087252
2000165789
2000214274
1235237084
1235195132
1235322010
1235165459
1234826215
1235149591
1234853938
1235132434
1234814010
1234841821
2000198307
2000079724
1234836763
1235165614
1234772656
1235105923
1235129742
2000074879
1234856598
1234855521
2000076711
1235114012
1235120709
2000079577
2000196441
1235222009
1235141981
1235166039
1235253775
2000113434
1235240613
1235252700
1235247621
1235221499
1235150737
2000192698
1235136518
2000099353
1235123659
1234847869
2000062614
2000198129
2000140132
1235322941
1235215571
1235166563
2000088536
1235183280
2000076517
1235173669
2000085692
2000099009
2000091320
1235168060
1234847008
1235254910
1234848198
1235126881
1235108303
1234911777
1234859452
1235232386
1235322625
1235322975
1234848342
2000107306
1235232208
2000032697
1235130558
1235167046
2000079099
2000079511
1235166510
2000078173
1235146275
1234844169
1234854198
1234813205
1234883210
1235460228
1235110614
1234796701
2000179362
1235133091
1235236082
2000085146
1235132330
2000088923
1235165146
1235157222
2000064714
1235172399
2000119585
1235164420
1235186823
2000196045
2000200896
2000079963
1234853909
1235173577
1235235814
1234798412
2000212869
2000090461
1235144409
1235148384
2000084172
1235102694
2000114277
2000138098
1235149677
1235103366
1234841885
1234814602
1235116651
1235114165
1235167857
1235156850
2000083620
2000087402
1235157445
1235137986
2000139290
1235118674
1235236369
1235209863
1235125662
1235170135
2000107366
2000114447
1234798387
2000139228
1234932936
1235172020
1235156085
1234796940
1235149549
2000204486
1234853865
2000118752
1235131376
1235115266
2000204979
1234853321
1235142477
1235147154
1235212160
1235252122
1235142622
2000116136
1235131777
2000078423
1235104660
1234848521
1234884933
1235172185
1234777176
2000118354
2000081501
1235240320
1235131308
2000092176
1235239628
1235182402
2000091262
2000085470
1235254539
1235114404
1235218732
1235148879
1235108666
1234827068
1234810728
1234842382
2000215712
1235170550
1235124067
1235255763
1235217397
2000077403
2000213941
1235168976
1235466227
1234854426
2000113821
2000075745
1235464357
1234930434
1235213925
2000074772
2000076404
1235107640
1235121871
1235116704
1235461203
2000106338
1235140009
1235104951
1234883161
1235257106
1234931347
1234854838
1235145681
1234853258
1235113665
1235322129
1235116038
1235251965
1235240805
2000114271
1235141936
2000140171
1235132602
1235126680
1235173464
2000115619
2000204463
2000090754
2000212696
1234859260
1235323467
1234842987
1235117982
1235218619
2000114757
1235234551
1235238858
2000198520
1235118918
1235145058
1234835392
1234842420
1235168909
1235256364
1235126302
2000083733
1234860248
1235234919
1235144350
1235118930
2000076620
1235119931
1235146131
1235251963
1235212592
1234882901
1235253309
1235148936
1235122801
2000105894
2000165781
1235255180
1235115698
1235105813
1235248037
2000092321
2000086272
1235139108
2000075879
2000091307
1235164561
1235169741
1235118637
1234855955
1235123851
1234834845
1235327335
1235125643
1235139942
1235171562
1235164966
1235155110
1234774700
1235127836
1234846516
1235167643
1234856768
1235151962
1235124075
1234969332
1234846196
1234882502
1235152715
2000153073
1235131260
2000196012
1235170440
1235121367
1235122790
1234798702
1235167927
1235232063
1235470026
2000063673
1235235485
1235114809
2000086836
2000086009
1235251413
1234856296
1234798171
2000113145
2000099344
1234835602
2000090857
1234854305
2000107137
2000212720
1235114630
1235326197
1234798040
1235132197
1235150065
2000198500
1234854262
1235151602
2000105483
1235171667
1235166943
1235249334
2000118974
1234932082
1235125323
1234786460
1235150672
1235252475
2000107685
1235211247
1235217655
1234853524
1235133874
1234883793
