1234991137
1235019418
1235000352
2000125573
2000122954
1235024562
1235033092
1234984042
2000120135
1235004013
2000130925
2000127200
1234978190
2000130484
1235023957
2000128030
1235034454
1234973254
2000133365
1234994999
1234972171
1235023475
2000032355
1235018713
1235016589
1234976710
1234973438
1234995826
2000132610
1234989149
1235039629
1235042481
1235010048
1234975229
1234974861
1235025851
2000125645
1234979088
1235010042
1235021188
1234993673
1234974764
2000132999
1235010622
1235003932
1234977428
1235043227
1234995805
1234989118
1234981136
1235015713
1234979877
1234972407
2000124389
2000123092
1234976428
1234991701
2000122757
2000121022
1235021998
1235014535
1234990638
1234990810
1235028375
1234995403
1235041461
2000123078
1234973507
1235034867
1235007811
1234986308
1235004573
2000131402
1234997677
2000133254
1234974273
1235000701
1235014241
1235017245
1235016890
1234982153
1235001908
1235035144
1234987041
1235017319
1234998217
1234971344
1234997376
1235008580
1235016775
1235004215
1234991390
1235039637
1234984491
2000126248
1235011055
1234980031
1235040847
1235029387
1235038232
1234982111
1235018153
1235007887
1235008748
1235019202
1235035704
1234981195
1235007046
2000132871
1235042736
1235001260
1234998404
1235028906
1234971625
2000128732
1234991473
2000123995
2000121475
1234983787
1234979226
2000132479
1235033792
2000123970
2000126972
1235042432
1234976179
1234984940
1235003492
1234994758
1235007469
1235010738
1235003435
2000122050
2000125246
1235038538
1235038244
1235020224
1235013541
1234987975
1235041576
2000121977
1235024502
1235013075
1235026822
1234995718
1235035215
2000192023
1235018861
1234977586
1235010031
1234989313
1235021741
1235041991
1235036320
1235041629
1235025140
1235014487
1235016555
1235028817
1234985895
1235016128
1234980928
1234979409
1235025581
1234998031
1235025172
2000127263
1235030926
1235029140
1234982496
1235041378
1235014265
1234976768
1235028621
1234986752
1234993657
2000123019
2000131961
1234985731
1235022158
1235013488
2000133446
1235003139
1235027462
1235002794
2000126009
2000131562
2000123429
2000129691
1235006346
1235004194
1235019022
1235006264
1234979629
2000129754
1235017369
1234985500
2000131636
1235021654
1235014134
1234998823
1235000698
1235000726
1234971283
2000126565
2000128416
1235005716
1235003886
1235010045
1235013070
1234975259
1235038329
1235024831
1234983741
1234987713
1234995704
1234995470
2000131480
1235013056
1235018444
1234996990
2000124403
1234976297
2000132612
2000130953
1235013942
1235028854
2000130122
1235013651
1234975717
2000130719
1234988746
1235006474
1234974701
1234973045
1234975624
1235021189
1234990824
1234989362
1235024902
1234994334
1235022909
1235025624
2000126340
1235035100
1235026118
1234982281
1235024016
2000120828
1235040727
2000124440
1234997424
2000127103
1234985796
1234979431
1235030255
1234976439
1234991524
1235006706
1235021010
1234980789
1234985988
1235021141
1235001410
1235036204
2000124797
2000127760
1234988565
1235010372
2000122031
1235040672
1234996592
2000131051
1234993786
1234990476
1234988118
2000125953
1235037746
1235031893
1235033431
1235027906
1235034733
1235000681
1234973728
1235024757
1234974278
1235006451
1234984329
1234974549
1235016954
1235007802
2000130392
1235021285
1235030242
1235027943
1235016266
1234982437
1235019233
1235022375
1235000298
1234986566
1234996360
1235029926
1234997307
1234974290
1235015711
1234997268
1235016902
1234990997
1235031154
1234990477
1235021729
1234999827
1235021769
1235017129
1235032946
1235036325
2000120160
2000133931
1235020002
1234975338
2000133679
1235017126
1235010424
2000119756
1235042893
1235024079
1235006586
1235008466
1235033365
1235000839
1234987392
1235041529
1234979059
1234974552
1235038089
1235043132
1234998484
1235040656
1235021519
2000128718
1234983703
1234999208
1234978284
1234995380
1235028968
1235008350
2000119894
1234978232
1234972135
1234986244
2000130334
1234977481
1235000332
1234976775
1235020464
1235026019
1234980261
1234985407
1235015870
1235035086
1235027780
1235042543
1235012642
1234997158
1234977551
1235034561
1234991815
2000133682
1234991150
1234982494
1235014517
1235017233
1235007073
1235030882
1235012488
1235001810
1235008443
1234985552
2000126939
1235034551
1234980827
1234988634
1234981407
1235027904
1234971659
1235030768
1234977548
1235002778
1234971973
1234988735
1235033271
1235021803
2000120503
1235017100
2000122662
1235001118
1234975506
1234998375
1234995595
2000125257
1234989028
2000124109
1235028747
1235035971
1235007139
1234984609
2000123476
1234978560
1235042769
1234999351
1234995596
2000132494
1234999322
1234998260
1235014701
1235003222
1235024394
1235029416
1234999466
2000129406
1235024884
1234975013
2000125809
1235002306
2000120365
1234982516
1234974437
1234991830
1235030798
1235007053
1234983489
1235033170
1235027850
1234975134
1235034871
1234998084
2000133481
1235017411
1234985241
2000126278
1235034813
1234975822
1235021796
1234973665
1235028732
1234996161
1235002841
2000131988
1234993976
2000124211
1234992594
1235014627
1234992651
1235028332
1235013540
1235024511
2000124189
1235025657
2000124021
2000127864
1235018352
2000132943
1235036973
1235033443
1235010968
1234975645
1235025413
1234980367
1235011956
1235012164
1235016546
1234972165
1235010007
1234981661
2000133976
1234987884
2000130859
1235032201
1234999679
1234985489
1235016915
2000132425
1234975120
1234976871
1234972636
1235017432
1235027494
1235023624
1235042230
1234997180
1235004452
1234992266
1235014669
2000133449
1234976952
2000129929
1235017824
1234984803
1234974004
1235006291
1235019829
1235017476
1234984692
1234984785
1235018431
1235017690
1234971165
1234991602
1235034208
2000130924
1235036299
1235008059
1235031131
1235033094
1235002393
1234979302
1235001509
1234971180
1235030349
1235027595
1235039548
1235003764
1235034008
2000125041
1235036873
1235003438
1235012393
1235015032
1234977897
1234977845
1235037313
2000121235
1235018203
2000122853
1234975307
2000127576
1234990498
1234980066
1235005708
1235006549
2000133265
1235011011
1235009137
1235008391
2000127910
1235041290
1234974898
1235008668
1235002773
1235041905
1234973670
1235003662
2000132246
1234983743
1235025908
2000032310
1234986009
1235024887
1235002537
2000125699
1234990562
2000129354
1235006860
1235018575
1234993943
1235022961
2000133799
1235032161
1234996701
1235013163
1234984977
1234981658
1235020756
1235041165
1234997349
1235026211
1235030502
1235038288
1234971008
1235042208
1234984517
1234993181
1235022894
1235006784
1235018667
1234971737
1235030049
1235033166
1235005739
1235020675
1235017461
1235025291
2000132312
2000121467
1235042378
1234993619
1234979278
1234976940
2000126632
1235023705
1235020532
1235004108
1234991182
1235017770
1235039617
1235041874
1235010632
2000130031
2000132468
1234985274
1234988167
2000124336
2000132846
1235003819
1234988581
1234981259
1234989263
2000129412
1235010044
1235019297
1234974615
2000132356
1235002689
1235020698
1235010237
1235008797
1234971057
1235035808
1235012085
1235002744
1234992300
1234996453
1235032118
1235027405
1234991962
2000131810
1235034605
2000128355
2000125173
1234995957
1234985724
1235004529
1234987745
1235033387
1234993664
1235021052
1234994547
1235003057
1235007628
2000119858
1234973056
1234989237
1235025386
1234976818
2000126002
1234971550
1234977529
2000121376
1234971477
1235040695
1234991870
1235018810
1235007068
2000122808
1234975604
1235010212
1235000410
1235020495
1235042789
1235019920
2000133574
1235002885
1235009003
2000126586
2000131552
1234986107
1235001427
2000119782
1235006388
1235020460
1235031295
1234993618
2000119657
1235024451
1234972244
2000131428
1235006272
1234974294
2000126842
1234984039
1235028316
1234987682
2000129791
1235014365
2000124168
1235034451
1234987012
1234988293
1235014805
1234983649
1234984302
1235018668
1235018484
1235031910
1235011913
1235007371
1234987654
2000121965
1235038937
1234995358
1234989475
2000128402
1235005541
2000129825
1234977373
1235022304
1234999290
1235032808
1235019593
2000122300
1235027453
1234992721
1235002314
1234988555
1234993543
2000120805
1234971102
1235006430
2000130733
1235009536
1235012742
1235042470
2000122288
1234992521
1235014051
1235013122
1235037120
1234989550
2000120645
1235001484
1235013677
1235024325
2000124925
2000127660
1235028917
1235000388
1235020554
1235019971
1235013275
1235013185
1234976197
1235000509
2000132790
1235026562
1235016676
1235019139
1235017520
1235027188
1234990337
1234975789
2000128074
1235014884
1234984293
1235014045
1234971905
1234980203
1234998302
1234979194
1235010370
1234995730
2000132838
1234980694
1235017785
2000132455
1234979113
1234980106
1235025017
1235015739
1235036431
1234972676
1235009267
1234991359
1235018498
2000122304
1235012337
1235021715
2000122029
1234971238
1235023846
1235029364
2000121486
1234994148
1234975263
1235012128
2000121820
1234992493
1234986836
1235035084
1234980450
1234978453
1234990599
1234973382
1235013532
1234990538
1235032109
1234988096
2000192101
1234983454
1235018166
1234996412
1235004308
2000133095
2000124116
1235013789
1235031193
1235020942
1234984099
2000122467
1235016816
1235019335
1234988882
1235020827
1235027178
1235042940
2000123975
1235043119
1234990946
1235042286
1234990581
2000132896
1235025358
1235034935
1234981346
1234983045
1234993509
1234988636
1235025029
1234987143
2000132005
1235006409
2000131607
1235028405
1235042968
1235032027
1235024724
2000132278
1235015692
1235006927
1234980359
1235008117
1234985166
1234975352
1234990906
1235033383
1235020424
1234996043
1235004051
2000121846
1234973471
2000120260
2000125800
2000128630
1234994242
1234991431
2000133407
1234986116
1234986557
1235012173
1235019284
1235022698
2000132655
2000132798
1235016062
1234973161
1235041357
1235011729
1235014381
2000122447
1234980518
1234996322
1234975934
1235010105
1235022186
1234999433
1235023223
1235014203
1235029382
2000130108
1235000440
1235025772
1234989499
1235028128
1235012329
2000129230
1234988760
1235037273
1235002490
2000128383
2000192171
2000121213
1234976227
1235002906
1234980542
1234992193
2000126265
1234999621
1234986743
1234979914
1234974077
1235030593
1234985422
2000123745
1235019031
1235009093
1234994554
2000133252
1234979606
1235034251
1234994371
1235014831
1234998271
1234971364
1234996179
1235013669
1234997661
1235008318
1235037884
2000130495
1234995977
1235001337
1234988962
1235014144
1235030363
1235042388
1234993180
1235027319
1234988747
2000126150
1234990893
2000120608
2000131383
2000121951
1235016873
1235020466
1235001234
1234970914
1234990812
1235019962
1234977279
1235022206
1235021667
1234975290
1234993191
2000121417
2000131604
2000123888
1235004018
2000132978
1235010620
1235007625
1234991706
1234988148
1234984656
1235026734
1235024419
1234989137
1235039767
1234993155
1234996332
1234977336
1235038815
1235016215
1234977494
1235028198
1235041861
1234974013
1235009524
1234979039
1235033049
1235027729
2000120293
1234977459
1235014599
1235030176
1234984587
1235012365
1235034278
2000130267
1235012022
1235036834
1235007949
1235003939
1235040562
1235023632
2000124162
1235024920
1235002416
1235038341
1234999794
1234994084
2000121568
1235003307
1235014319
1235023067
1234971020
1235010461
1235028231
2000125760
1234987651
1235028466
1235030697
2000130150
1234988930
1235035891
1234994550
2000119814
1234996909
1234987659
1234994280
1235008997
1234973495
1234978233
1235043031
1235037641
1235023468
1235018988
1234981103
1235017798
1235009067
1234984562
2000122546
2000128098
1235032736
1234977449
2000125187
1234974392
1235007188
1234978327
1235022407
1234987942
1235011983
2000132225
1234994622
1235019055
1235009035
1234979413
1235021878
1235005668
2000125818
1234980439
2000130996
1235013968
2000120102
1234981729
1234979106
1234994949
1235017689
2000133767
2000124756
2000124471
1235016468
1234983404
1234975048
2000125243
2000120850
2000124367
1235024807
1235004109
1235011832
1235041356
1234996116
1234984710
1235009655
1235011724
1235042641
1235021054
1235024899
1235003020
1234986670
1234988797
1235039775
1234972654
1235037403
1234971089
1234994352
1235003755
1234980805
1234978397
1235011900
1235017436
1235020322
1234973167
1234979779
1235022561
1235018278
1235039741
1235024536
1235037075
1234973369
1235012305
2000131951
2000130268
1234977902
1235035988
1234990654
1234980183
1235032251
1235023615
1235039733
1234988464
1234995858
1235023049
1234973478
1235037122
2000124808
2000124413
1235010719
2000127640
1235041075
1235005659
1235016695
1235007498
1235024414
1235025261
1234972429
1234973845
1234973967
1234973671
1234997872
1234999297
2000123042
1234999590
1234971024
1234973407
1235004009
1234979318
1235024372
1234988161
1235037339
2000129331
2000121140
1234988515
1235014654
1235043239
1235020009
1234984501
1234978374
1234974336
1234988559
2000192196
2000133515
1234984652
1234977375
1234986373
1234996365
1235028745
2000133961
1234980241
1235041893
1235006571
2000120528
1235029390
2000125454
1234982314
1234987004
1234984736
1235012331
1235033076
1234995660
1234973308
1235005493
1235017361
1234972668
1235004175
2000128195
1234996096
1234979836
1234976987
1235010757
1235032913
1235006268
2000130067
1234985626
1235013901
1235043152
1235042988
1235015702
1234999467
1234992280
2000120647
1235009482
1235026927
1235003352
1234988944
2000124868
1235029042
2000128688
1235024306
1235030627
1234971349
1234974807
1235023830
1235032221
1235034390
1234971971
1235021813
2000124971
2000120236
2000129974
1235009255
1234994149
1234979633
1235020758
2000120386
1234985259
2000132163
1234973574
1235023144
1234988644
1234998928
1235019183
1235017776
1234998045
1235026871
1235037257
2000130155
1234982301
1235009666
1234973803
1234987402
1234989135
1234985276
1235023097
1234979367
1235020498
1235034531
1235021168
1235002284
1234995624
1235017206
2000120800
1235039933
1234978371
1235036902
2000120793
2000133006
1235014262
1235026655
1235003802
1235028196
1235030751
1234980849
1235013486
1235025617
1234994485
1235034891
1234998135
1235021560
2000122816
1234986243
1235008091
2000127102
1235007466
2000133066
1234981382
1235034898
1234996242
2000129881
1235023794
1235014759
2000131375
1235022968
1235008444
2000132344
1235014619
1235038451
1235012821
2000133378
2000124943
1235012399
1235041331
1235037624
1235013628
1235023626
1235014015
1235033965
1234976129
2000122541
2000132542
1235006508
1235028707
1234982344
1235008790
2000130703
1235013202
1234990489
1235024581
1234996554
2000120349
1235014735
1235028914
2000127850
1235019002
1235024130
1234978183
2000129173
1235010107
1234991756
1235009742
1234993676
1235022454
1234974365
2000126574
2000122718
1235029424
2000120586
1234991559
2000133942
1235012907
1234977721
1235018796
2000133304
2000131752
2000125525
1234992255
2000133226
1235042832
1234995766
1235018982
2000131871
1234985590
2000126545
2000122254
1235001151
1235019596
1234984336
1234994074
1234995014
1234997006
2000121052
1235035171
1235039581
1234980174
2000121269
1235032816
2000130319
1234975896
1235008460
1235013694
1235014062
1235010711
1235026698
1234972564
1235026653
1234988592
1235021577
1234990514
1235038054
1234999547
1235033075
1235016361
1235039716
1235041259
1235007398
1235024381
1235004186
1235002722
1235021624
2000121781
1235022326
1235033206
1235006755
1235000931
1234984139
2000131913
1234971681
2000124145
1234995679
1235006063
1235025177
1235010390
1234992261
2000124241
1234978242
2000126067
1235006683
1234978174
1235024455
1234974758
1235003650
1235019462
1235021639
1234980379
2000129330
2000192033
1234979084
1235036860
1234974042
1234999400
1235020860
2000129949
2000122945
2000133201
1234996003
1234999066
1234998942
1234984420
2000124977
1234986480
2000121002
1234971928
1235042160
1235010375
1235043217
2000133277
1234974176
1235000971
1235002432
1234981125
1234990502
1235036518
1235008493
1235018146
1235006502
1234980658
1235002486
1235019597
1234999548
1235002353
1234977851
1235026731
1234973140
1235028180
1234973467
2000132048
1234994139
1234977299
1235022988
1234988756
1234975787
1234971661
1234981649
1235034480
1235013506
1234978324
1235029843
2000123200
1234992609
1235024428
1234984376
1234975107
1235013304
1235010463
1235025850
1235013127
1235032603
1235012892
2000130977
1235034154
1235010158
1235018873
1235020862
1235028841
1235030047
2000123017
1234988440
1234986681
1235026115
1235020835
1234984461
1235017027
1235029990
1235030820
1235027961
1235041591
1235039678
1235028111
1234974342
1234970894
1235003099
1234975354
1235013993
1235021720
1234975497
2000120468
1234990298
1234994275
1234993400
1235002074
1235007492
1235040981
1234971120
1235042325
1235011274
1234976735
1235019402
2000126497
1235041632
1235011681
1235023871
2000130092
1235024448
1235014638
1235026046
1235027816
2000131668
2000127148
1234987017
1235009584
1235002040
1235035758
1234977427
2000129387
1235022691
1235012324
2000131565
1234982324
1235025168
1234976257
1235014520
1234995095
1235032742
1235015800
1235043006
1234992616
2000133904
1235016588
2000133773
1235000598
1234996539
1234973260
1235024425
1235011598
2000120360
1235039568
1235016168
1235035849
1234995832
1235012545
1235022898
1235030068
1234973727
1234988223
1235006950
1234987871
2000132103
1234973151
1234980497
2000122195
2000125269
1234992407
1234995652
1235034314
2000127773
1235011667
2000131206
1235004438
1235003540
1235006055
2000130034
1234986797
1234975277
1235015394
1235038385
1235008727
1235027823
1234974231
1235039934
1234996620
2000123901
2000123155
1234993440
1235030031
1235026389
2000126522
2000132121
1234991324
2000126416
1234986456
1235000940
1235025736
1235006611
1235005691
1234979716
1234971271
1235035270
2000126467
1234987035
1234977844
2000131427
2000133820
2000128432
1234992664
1235024139
1235008900
1235015501
1235007294
1235006949
1235038251
1235019485
1235005711
1235020377
1235018456
1235040931
1234984673
1234995584
1235028884
1235010514
2000121710
1235039752
1234986265
2000133397
1235012989
1235035225
1235038431
1234986491
1235003920
2000126149
2000125648
1235035140
2000129618
1234971839
1234980864
1235027195
1235021999
1235035898
1235004541
1235036792
1234974617
1235016586
1234995791
1235041726
1235007876
2000125261
2000128760
1235015379
1234978171
1234994880
1235011367
1234983494
1234996089
1235022677
1235012852
1234999933
2000120222
1235026767
1235001933
1234980436
1235013131
1235001855
2000133007
1235030915
2000125221
1234979026
2000121086
1235001168
1235034823
1234973738
1235022293
1234997824
1234994555
1235032693
1235018879
2000120132
1235000626
1234974968
1235014065
1235015480
1234998932
1234987839
2000128820
1235005620
1234971236
1234995433
1234973626
2000129685
1235021012
1235019924
1235026661
1234971270
1235020783
1235027776
1235034271
1235017186
1234998042
2000126715
1234975909
1235014103
1235018695
1234976547
1235006383
1234996885
1234991566
1234981244
1234982424
1235041506
1234994396
2000133994
2000128278
1235024238
1235014026
1234998857
1235038419
1234971784
2000132142
1234984561
1235032692
1234978403
1234988631
1234997691
1235028559
1234986414
1234973550
1234971857
2000120436
1235019753
1234995756
1235035532
1234992007
2000124073
1234988824
1234998989
1234984503
1235021528
1235025831
1235021225
1234983671
2000122835
2000121934
1235006868
1234995877
1235022346
1235014505
1235005503
1234989458
1235003510
1235019474
1235024441
1234984855
1234988279
1235042919
1234983423
2000127282
1234972114
1234981411
1235028033
1235015249
1235002464
1234971286
1235001858
1235038038
1234972575
1234987208
1235038058
1235020660
1235025779
1234985177
1235026301
1235032751
1234993152
1235025979
2000122885
1235020396
1235024449
1234991068
1235028773
2000128240
2000123208
1234980157
1234993194
1234988036
1234972351
1235039907
1235008317
1235028963
1234995302
1234985109
1235024503
1235007486
1235019940
1235009965
1234984811
1235022255
1234972536
2000133680
2000119869
1235021091
1234977555
1234980281
1234990647
2000122923
2000132331
1234985961
1235043313
1235028080
1234991093
1235018633
1234992937
1235021815
1235007122
2000124321
2000133419
1234997844
1235001834
1235011811
2000127700
1235035723
1235007646
2000126797
1234988698
2000130985
1234976741
1235001138
1234999082
1234979320
1235030539
2000127728
1235003315
2000124443
2000120296
2000129133
1235009338
2000133579
1234977936
2000129976
1234986829
1235018048
1234971352
1235037228
1234991880
1234977572
2000126579
1234971294
2000128444
2000129358
1235019737
1234996250
1234972665
1235027685
1235037779
1235025764
1235027277
1235028439
1235009714
1235030584
1235013577
1235011593
1235003803
1235033806
1235028821
1235012023
1234991742
1234990348
1234985902
1234980000
1235005717
1234985728
1235027802
1235027766
1234975170
1234986893
2000125345
1235028410
1235016881
1235025950
1234979702
1235043134
1234980691
2000126494
1235038171
1235001809
1234975433
2000129193
1234992948
1234971197
1235002278
1235024613
1235021980
1234985974
1235010702
1235029867
1234973185
1235023702
1235020719
2000128585
2000121018
2000120155
1235028611
1234981120
1235030251
1234981701
1234987279
1235014157
1234987881
1235029066
1235041723
1235019953
1235043237
1235037445
1234976815
1234991758
1234991928
1235006444
1235017085
1235035856
1235029467
1234976366
1235038534
1235011884
1235004124
1235027014
1235039760
1234979857
1235021313
1235010734
1234980818
2000127658
1235001194
1235035211
1234986509
1235027010
1235032925
2000126215
2000127030
2000126895
1235010471
1235006238
2000131508
1234993971
2000131974
1235007256
1235001726
1234981605
1234979223
1234971273
1234982319
1235011300
1235013278
1234983770
1235019899
1234980877
1234974246
1234985465
2000121404
1234991703
1235033352
1235002706
1235037754
1235006061
1235024664
1234992021
1235035186
1234984852
1235021937
1234984634
2000130701
1235040620
1234992117
1234981123
1235032155
1235012710
1235015122
1234993505
1234993044
1234994552
1234975670
1235016272
2000125786
1234978283
1234990438
1235028112
1235030991
1234988974
1234985929
1235022636
1235014504
2000131696
1234984455
1234985792
1235023226
1234999796
1235006296
2000126577
1234983446
1234975164
1234991569
1234998138
1235000057
1235018538
2000130672
1235023590
2000126769
1234979384
2000120325
2000192162
1235018442
1234974190
1235028020
1235006636
