1235317576
1234835375
1235317640
2000117108
2000028654
1235317844
1235242042
1235080319
1235317769
1235165180
1235317649
1235317662
1235318436
1234723539
1235317490
1234770433
1235317747
1234853795
1235242517
1234770444
1235080987
1235187643
1235193179
1235317407
1235317948
1235317787
1234723738
2000110294
2000185770
2000197485
1235077797
1234835376
2000201501
2000197471
1235317698
1234842352
1234930865
2000201500
1235187096
1235317428
1235317287
2000138312
1235317964
2000187996
2000180761
1235201831
1234835940
1235240131
1234854663
2000197487
1235077167
1235256979
1234846668
1234847990
1235257058
1234854657
1234930926
1235317704
1235257026
1235242368
2000185764
1235200274
1235256995
1235317292
1234930762
1234846350
1235317650
1234723674
1235317610
1235317976
1235188712
1235187087
1234842462
1234854638
1235202602
1235242056
1235317408
1235317715
1235317631
1235317538
1235318716
1234929187
1235317249
1235317785
1235188706
1234930736
1234931313
1235077793
1235317420
1235317317
1234926366
1234929173
1234846348
1235317283
1234723843
1235176429
1235317530
1234723553
1234931162
1235317841
1235317922
1234848053
1235242514
2000059930
1234931322
2000118656
1234723538
1235256713
1235076517
1235242029
1234854672
1235202700
1234854631
2000027516
1235317338
1234859620
1234932630
1234846349
1234770405
1234854670
1234932615
1234931063
1235317470
1235317762
2000099210
1234723619
1234859263
1235317529
1235076520
1234932453
1234859876
1234842353
1234770397
2000181307
1235318055
1235317500
1234859583
1234723564
1235317765
2000180944
1234930734
1234854009
1234930743
1235317364
1235164539
1235317398
1234723550
1234929131
1234931172
2000116172
1234723741
1235071354
2000185766
1235256986
2000107128
1234931168
1234933590
1235317946
1234854627
1234930005
1235257196
1234854635
1235188711
1235257023
1234854654
1235317869
1234930015
2000113110
2000107129
1235317362
1234723740
1234859266
1235195275
1235203412
1234930770
1234929103
1234723734
2000118655
1235187581
1235257000
1235203418
1234929158
2000113542
1235257014
1234723701
1234853786
1234723615
1234723595
1234929105
1234926777
1235317266
1235200120
1234929096
1235077165
1235164597
1234842465
1235317686
1235459338
1235250756
1235317761
1235187573
1234930004
1234859587
1234854012
1235317370
1235317291
2000059932
1235193289
1235195218
1234842330
1235257018
1235242045
1234842453
1235195212
1235193288
1234723618
1235072591
1235317585
1234853798
2000181308
1235317240
1235317556
1235202836
1234853793
1235242516
1234859880
1234859596
1234930733
1235077780
1235317781
1234931693
1235242064
1234930871
1234930021
2000107127
1235240103
2000185768
1235317654
1234930009
1235203403
1234723713
1234723692
1234931274
1235256720
1235202690
1235164591
1234859591
1235250749
1235187521
1235317345
1234843920
1235256984
1234926455
1234854382
1234930793
2000116209
1235077786
1234842342
1234847993
1234855034
1235317681
1234848000
1235318713
1234929184
1234932458
1235165204
1235317555
1234932607
1234847986
1235242515
1235080321
1235202880
1235202689
1235194988
1235256987
2000032610
1234931278
2000188415
1235318306
1234842345
1234928234
1235164248
1235195296
1235242328
1234929162
1234723753
1234930749
1234835346
1234859617
2000117102
1235317870
1235317900
1235317622
1234723543
1234929163
2000110288
1235242329
1234846358
1235077783
1235317389
1234842339
1234930726
2000116173
1235080324
1234723565
1234930727
1235317723
1234931744
2000181300
1234858536
1234723695
1234932632
2000187998
1235317921
1234841717
1235317701
1234859883
1235318308
1234929767
1235242009
1235317965
1235202604
1234854668
1235317582
1235459288
1235257010
1234931277
1235242520
1234930014
1235318729
2000201505
1234926743
1234723745
1234930345
1234842456
1234931159
1235200278
1234723755
1235318462
1235188713
1235202683
1234723604
1235242048
1235202869
1234930731
1235175162
1235317504
1235202687
1235187579
1235202619
1234929102
1234859586
1235077794
1234723562
1235317363
1234723743
1234843913
1234932627
2000201499
1235317355
2000027518
1235257028
1235318718
1234853787
1235317902
1234930771
1234841294
1235202822
1235317934
1234842351
1234770431
2000188861
1234930752
1235318511
1235195238
2000025230
1235317918
1234842354
2000201498
1235317372
2000033076
1235317359
1235202714
1234932454
2000092403
1234931695
1235459282
1234770424
1235164249
2000134676
1235317480
1234930919
1235176435
1234930782
1234930725
1235317659
1234848055
2000025237
1235317467
2000116165
1235242367
1235317916
1235318724
2000025236
1234854669
1234842356
1235317312
1234723569
1235317489
1234930001
1234723711
1234723796
1234835352
1235187618
1234770422
1234854656
1235077784
1235076511
1235077803
1235317487
1235317535
1234842326
1235195273
2000113540
1235256706
1235317915
1234859593
1234854013
1234930763
2000117843
1234859604
1235077800
1235257197
1235317331
2000201493
1235202613
1234770413
1235242008
1234723683
1235202696
1235317724
1234854385
1235317700
1235317554
1235317368
1234929106
1234847985
1235187100
1235318026
1234723575
1235317439
1234931163
1234929188
2000092748
1235317534
1235076118
2000202579
1235079625
1234841713
1235165646
2000134675
1234929185
1235317713
1234842463
1234930920
1234842838
1234854005
1235317923
2000118540
1234930866
1235318460
1234926779
1234854383
2000185767
1235164193
1235164631
1234770417
1234770414
1234841716
1235201845
1235240123
2000180306
1235317553
1235317968
1235317746
1234930786
1235242038
1234929764
1234843187
2000196110
1235317350
1235202601
2000181182
1235257016
1234930728
1234933794
1234927654
2000032609
1235200283
1234929160
1235317346
1234930779
1234842348
1235077796
1234931061
1235317642
1234723826
1235317941
2000099211
1234930735
1234849306
1235080986
1235079185
1235317248
1234723793
1235240093
1234931166
1234926456
1235203390
1235317244
2000188416
1234770404
1235317388
1235317451
1234855033
1234723583
1234723704
2000152849
1234843919
1235317250
1235202835
1235317261
1235317840
2000025224
1235076515
1234723555
1234723742
1234842331
1235176451
1235165066
1235077560
1235187804
1235200285
1234930767
1235317335
1234841298
1234926370
1234930923
1235195365
1235165136
1234723554
1234927582
1235318432
1235202699
1234924907
1235317518
1235318025
1235317601
1235317929
1234723626
1235317253
1235080318
1235072593
1234926745
1234723534
1235080985
1235202615
1234770396
1234842325
1234859621
1234930863
1235317931
1235250752
1235318024
1234930777
1235317551
1234723749
1235317547
1234723608
2000092399
1235242062
1234854661
1235317422
1235317454
1235175156
1234859875
1235242363
1235317495
1235256716
1235250753
1234770412
1234930343
1235256812
1235318736
1235318512
1234930792
1235242376
1235317243
1235187616
2000118541
1235202843
1235317779
2000181188
1235317476
1235187523
1235077802
1234723548
1235202686
1234842464
1235072592
1234930776
1235240096
1234723744
1234770420
1235317329
1234929144
1234723570
1235317336
1234926744
1235318253
1235256857
1235317264
1234924813
1234723582
1234854336
1235242067
1234932631
1235317933
1235317924
1235318459
1235257012
1235318032
2000116212
1235175167
1235256928
1234930020
1235202609
1234859588
1234854643
1235188714
1235317679
1234723620
1235187562
1234931062
2000109975
1235257009
1234723712
1234859878
1235200197
1235164356
1235459341
1234930774
1235317778
1235317967
1234723566
1234859879
1234835941
1235203394
2000117099
1235317341
1235076090
1235164263
1235203389
1234835338
1234930795
1235256991
1235317537
1234930780
1234930922
1235188728
1234930921
1234854642
1234931165
1234859603
1234842350
1234931325
1234723759
1235250795
1235175152
1235175166
1234841302
1234853799
2000028650
1235317657
1234929168
1235318431
2000197472
1234770411
1234859600
1235317360
1235318725
1235318484
1234854003
1235317348
1234932610
1234723596
1234846346
1235077781
1235164608
1234932616
1234929138
2000059927
1234931745
1235317367
1234770416
1234723735
1235317573
2000178800
1235240099
1235256980
1234770419
1235187664
2000116213
1235256724
1234859264
2000032995
1234853791
1234930789
1234854632
1234926361
1235459281
1234931698
1234835341
1235256712
1234723607
1234931312
1234723622
2000134673
1234931073
1234847994
2000033071
1235204072
1234723609
1234930755
1234723627
1234723600
1235317320
1234723750
1234931072
1235317947
1234929186
1234854335
1235195224
1235317624
1234842327
1234859597
1235200198
2000111111
1235196510
1235317944
1234924814
1234931060
1235318726
1234723747
1235318033
1235317478
1234854019
1234930341
1235317714
1235242060
1235076516
1235256718
1234835377
1234929763
1234723782
1234929100
2000181183
2000111110
1234842466
1234723756
1235187095
1234723568
1235318457
1235242366
1235196987
1234835342
1235242043
1235071355
1235164260
1234723831
1234930759
1234723731
1234930724
2000110293
1235165197
1235175179
1235317607
1234847997
1235317606
2000027508
1235317533
1234930769
2000117845
2000027528
1234931059
1235317584
1234842450
1234926527
1234853800
1235317442
1235165126
1234770446
1234932455
1235317466
1234930768
1234723677
1235195236
1234723610
1234926526
1234723588
1234926365
1234929136
1235318510
1235317872
1235317315
1234859592
1234926457
1235317488
1235079624
1234859605
1235165678
1235077776
2000116174
1235240092
1235164636
1235256717
1234931323
1235240094
1234842451
1235256723
1235317314
1234842912
1235317784
1235317427
1235317685
1235317567
1235459340
1234929171
1235076087
1234723581
1235317695
1234859884
1235187518
1235317279
1235317404
1234930748
1234930791
2000027526
1234723748
1235317532
2000134677
1234930772
1235250762
1234854655
1235318052
1235200193
1235318712
1235317459
1234770432
1235165036
1234854636
1234854384
1235317477
1235317239
2000197476
1235200281
1235317603
1235317396
1235317665
1235317354
1235188731
1234723606
1235079626
1234842301
2000185771
1234854662
1235317406
1234859582
1235318515
1235256705
1235317966
1234929762
2000028661
1235318429
1234926762
2000197474
1235164555
1234842461
1235256715
1235317444
1234930017
1235188709
1235193291
1235250801
1235317386
2000187918
2000113119
1235250786
2000092400
1235317682
1234770399
1235202832
1235082987
1235188717
1234842448
1234853788
1234835380
1234723733
1235317970
2000032994
1235317497
1235245460
1234930007
1234932606
1234926746
2000113116
1234841296
1235187557
1234723551
1235317914
1234770447
1235317349
1234854334
1234854667
2000110296
2000059935
1234842632
1235318481
1235318513
1235164604
1234926776
1235318309
1234931075
1234854380
2000025225
1234723561
1235195225
1235176438
1234859877
2000092749
1234853780
1235176422
1234855031
2000025238
1235240117
1234770409
1235077801
2000185772
1234930008
1234929193
2000092763
1234723556
1235317905
1235317919
1235187668
1234859265
1235242530
1235256710
1235242364
1234932612
1234770423
1234931694
1234835351
1234859629
1234854641
1234841720
1234770427
2000092401
1235200121
1234723616
1235318507
1235317863
1235317328
1235188703
1235317486
1234723598
1234853785
1234929167
1234723709
1235250790
1235317658
1235318486
1235317342
1234723597
2000113539
1234842459
1234842836
1234930738
1234930924
1235080031
1235176445
1234770415
1234848054
1235077779
1234723549
1234859644
1235317655
1235193180
1234723829
1235317629
1235256704
2000188852
2000181189
2000113113
2000092764
1235257093
1234854630
2000059929
2000100673
1234930338
2000028660
1235317376
1235200153
1234854007
1234842332
1235165188
1235317358
1235318506
1235317288
1235317969
2000107130
1234924815
1234770394
1234854629
1234854011
1234929192
2000014614
1234930870
1235318456
1235187566
1235242053
2000118536
1235080322
1234841297
1234859628
1235187558
1235242049
1234723617
1235080034
2000201039
1235202599
1234930186
1235202617
1234835332
1234930114
1235317939
1234723757
1235242529
1235242104
1235318728
1235257032
1235251048
1234723842
1235317330
1234844689
1234854332
1234843921
2000202580
1234932628
1234855036
1234723703
1234723760
1235317446
2000032993
1235317333
1235317516
1234931056
1234854660
1234926742
1235242379
1234723714
1234723685
2000180946
1235256719
1234930918
1235317351
2000032607
1234842449
1235317272
1235317766
1235318255
1235240118
1235317764
1235317443
1235200436
1234927584
1235250791
1235250796
1235257057
1234723688
1234842460
1235077788
2000059933
1234854633
1234930739
1235203391
2000099212
2000201494
1234930929
2000116170
1234723827
1235164487
1234926778
1234930011
1235317371
2000185763
1235317971
1235240097
2000028648
1235317353
2000180309
2000111113
1235317595
1235077785
1234930925
1235317496
1235459278
1234926458
1235317520
1235317242
1235317286
1235080035
1235165127
1234723737
1235317481
1234847992
1234848292
2000116169
1234841295
1234842913
1235317430
1235317284
1234930773
1235080032
1234723751
2000197486
1235317552
1235317721
1235317377
1234854015
1234723623
1235317594
1234847984
2000025231
1235317839
1234723631
1235077799
2000020356
1234854333
1235165183
1234853784
1235250781
1234930784
1235250787
1235317694
1235317415
1235200125
1234931167
1235187089
2000028655
1234929174
1235317578
1234931068
1235082989
1234930794
1235317871
2000118539
2000092408
1235317836
1234770425
2000178799
1234723625
1234929139
1234723694
1235459280
1234853796
1234930872
1235317397
1235317273
1234843915
1235187570
1235317531
1234841718
1234723799
1234842454
1235256993
1235317403
1235202621
1234835340
1234723797
1234854644
2000197489
1234930340
1235200175
1234930790
1234854634
2000201503
1235317421
1235165182
1235318067
1234770401
1235317517
1235317289
1235317917
1234930115
1234859602
1235165097
1234928231
1235317611
1234855032
1235318049
2000027517
1235317758
1235077791
1234924816
1234847981
2000113120
1235317276
1235187102
1234932608
1235317696
1234842447
1234930788
1235317937
1235193178
1235082990
1234842914
1234723706
1234931276
1234842338
1235187617
2000111112
1235071356
1235240122
1234854626
1235317405
1234846356
1235202898
2000180941
1234846353
1234929145
1234723605
1234932614
1235175168
1234932245
1234855035
1234723684
1234853789
1235195216
1235202816
1235317375
1235317401
1235195211
1235317597
1235317503
1235242050
1234842333
1234842359
1235242316
1235317912
1234930012
1234846357
1235317436
1235318058
1234770426
1234723682
1235080029
1234928743
1234723699
1235242771
1235318458
1234926740
1235080325
1234928233
1235317277
1235317493
1235459279
1235317644
1235317293
1234848001
1235317492
1234930930
1234931064
1235318068
1235317626
1234854004
1235257002
1235317630
1235317498
1234854628
1235317837
1234859584
1235176448
1235187580
1235188722
1235317263
1235256722
2000188853
1234854010
1234770443
1234723544
1235176457
1235318461
1235317720
1235318435
1234835348
1234926737
1234770395
1235188704
1235176016
1235317274
1235077787
1235317596
1234770410
2000178797
1234842343
1234859589
1234847996
1235202622
1235242044
1235317756
1235242369
1235187092
1235077164
1235317319
1235317343
1235187605
1235318719
1235242030
2000134674
1234770398
1235250757
1235076512
1235256707
1234846345
1234930781
1235318307
1234723547
1235317763
1234931171
1235080030
1234859627
1234723585
1234842304
1235318514
1234930745
1234929157
1235317521
1235317262
1234843917
2000113543
1234842334
2000095221
1234723729
1234859595
1234859625
1234848293
1234847989
1235202624
1234723798
1235317365
1234723828
1234931160
1234859618
1235077387
1235164245
1235317536
1234723693
1234770421
1235077790
1234924910
1234927657
1234835344
1234723541
1234929137
1235257030
1234930729
1235242055
1235165120
1234723783
1234842355
1235242526
1235077777
1235317494
2000092747
2000092407
1234841719
1234931071
1235317718
1235317838
1235317938
1235317697
1235201832
1234930019
1235240125
1235317865
1235317254
1235317867
1234841714
2000185765
2000027515
1235193434
1234770429
1234931273
1235175164
1234843721
1235317347
1234723739
1235176437
2000201507
1234930765
1234931076
1235256711
1234835373
1234847790
1234723700
1234723572
1235240101
1235242375
1235195542
2000113544
1234926362
1235187571
1234853790
1235164569
1234930787
1235242047
1235240035
1235187640
1235317334
1235165096
1234723758
2000197518
1234848294
1234929194
1234932456
1235187670
1235317903
1235317703
1235195262
1235164602
1235317639
1235317868
1234846355
1234846352
1234929190
1235203415
2000025239
1235202677
1235317920
1234835343
1235195269
2000134679
2000092750
1235202614
1234930778
1234926528
1234859622
1235318287
1235317505
1234842337
1234723537
1234930928
1234859599
1234854640
1235256976
1234723746
2000116171
1235318437
1235077557
1234926364
1235317259
1234859011
1235317265
1235200277
1235242769
1234927655
1235188710
1235317344
1235250778
1234930758
1234842335
1235317627
1234770418
1235202707
1235239998
1234843725
1234930766
1235242768
1235465748
1234931070
1234723542
1235317373
1235317783
1234929191
1235240130
2000092402
1235317623
1234723752
2000181187
1235317680
1234854337
1234841301
1235317310
1234931279
1235317241
1235317646
1235200192
2000113109
1234843914
1235317759
1235317385
1235317332
1234928232
1234926367
1234932609
2000092404
1234854659
1235459339
1235318320
1234723599
1235317378
1234842305
1234723754
1234930342
1235256709
1235195243
1235176421
1235175163
1235317647
1234835347
1234854673
1235195239
1235317866
1234841715
1235200174
1234854008
1235077166
1234930753
1235318266
1234843190
1234930113
1234835378
1235165173
1234770430
1235176444
1235318720
1235317864
1235317643
1235200282
1235317648
1234930751
1234723552
1234926363
1234929169
1235317445
1235164202
1234843722
1235317426
1234927520
1235317357
1235317641
1235317716
2000187919
1235176424
1234723540
1235202612
1235317599
1234723574
1235256982
1235202901
1234842915
1234723571
1234843723
1235250758
1235318254
1234929166
1235165137
1235250750
1235318733
2000180943
1235242772
1235317602
1234859594
1235187519
1235164250
1234723736
2000113115
2000113536
1235082988
1234932611
1235317847
1234930742
1235317656
1235176440
1235318482
2000180760
1234927521
1234835349
1235242522
1235080026
1235077782
1235202625
1235202900
1234723558
2000201497
1235317318
1234853797
1234843720
1234723676
2000117111
1234930750
1234930744
1234854639
1234930927
1235317311
1234854006
1235077463
1235317491
1235188702
1235080027
1234843916
2000028652
2000062974
2000092398
1234859630
1235318483
2000113538
1234843724
1235250761
1234930018
1235318485
1234723710
1235200138
1234853802
2000100672
1234930010
1234930754
1234931055
1234835350
1234843188
2000113112
1235317479
1234932457
1235318050
1234931069
1235200279
1235318433
1235245459
1235317366
1235202704
1235317561
1235080323
1234847987
1234842358
1235317577
2000201496
1235165633
1234847991
1234854016
1235317414
1235076513
2000113537
1234929097
1235242370
1234843922
1235202688
2000181303
1234723624
1234853782
1234929164
1235317930
1235202623
2000197520
1234933793
1234931275
1235077385
1234930344
1235317717
1235195228
1235242054
1235317604
1234859585
1234929104
2000180942
2000113541
1235176420
2000092405
1235317282
1235256998
1235202875
1235176426
1234926741
1234859598
1235317432
1234770400
1235317722
1234854381
1234854020
1235317780
1235175169
1234859626
1235318455
1235076518
1235203421
1234929170
1234723533
1235317522
1235187604
1235318059
1235080320
1235317313
1234723628
1235187086
1234847983
1235202852
1234723580
1234930016
1234723784
1235164626
1235317945
1234842864
1235165168
1235317280
1234842296
2000180945
1235317719
2000116210
1235317572
1235176430
1235077778
1235242068
1235317546
1235187522
1234847998
1235077798
1235242046
1235242061
1235317369
1235256714
2000113117
1235197563
1234854664
1234930574
1234927656
1235317290
1234853794
1235188718
1234723794
1235317579
1235317471
1235317337
1234858537
1234842344
1235164607
1235256981
1235077795
1235242039
1235175161
2000180308
1234859623
1235250782
1235242519
1234930761
1235317316
1234835333
1235242371
1235317628
1235318717
1234770408
1235080033
1235165103
1235317352
2000032608
1235317598
1235318487
2000116211
1235187645
1234842452
1235317645
1234723630
1234859606
1235317600
1235317712
1234723577
1235242527
1235318505
1235317374
1235317356
1235317270
1234853721
2000033072
1234842297
1234723730
1235256792
1235202892
1235250800
1234926358
1234854176
1234858707
1234842341
1235076514
1234723675
1235164600
1234930116
1234841299
1234930657
2000181108
1235318434
1234723696
1235317605
1235317913
1234926739
1235317936
1234859882
2000014615
1234842837
2000095222
1234930785
1235250777
2000187917
1235317843
1235256809
1235077789
1235318051
1235200189
1234930760
1235317437
1234723689
1235195371
1235318508
2000178798
1234723576
2000110295
1234926525
1235317399
1234723603
1234930656
1235250760
1235080028
1234854017
1234854645
1234723586
1235317309
1235188732
1235242063
2000117846
1235317904
1235256725
2000201502
1234842835
1234842349
1235317702
2000181409
1235317285
1235317699
1235317435
1235317321
1234835374
1234931164
1235317413
1234847982
1234854637
1235250802
1235165676
1234846351
1234929159
1235317901
2000059928
1234835334
1234926735
2000092762
1234930653
1235164565
1235077559
1234930869
1234723567
1235257020
2000116168
1234847999
1234842865
1234835345
1235201820
1234770428
1234841293
1234930775
1234853783
1235317583
1235077792
1234835339
1234859624
1235317268
1234930006
1234929165
1234931074
1234854671
2000027525
1234927583
1234843189
1235242065
1235187655
1234846347
1234842834
2000092406
2000109974
1234931161
1234930013
2000116166
1235176458
2000197488
2000113118
2000201506
2000117103
1234931058
1234854666
1234859619
1234844690
1235317400
1235317842
1234930747
1235187678
1234859590
1235176449
2000187997
1234931697
1235317663
1234929161
1234723732
2000028649
1235202717
1235317519
1234929101
1235256994
1235202834
2000188860
1235176423
1234853792
1234842340
1235317469
1235317664
1234930764
2000116214
1235187088
1235256708
2000180304
2000116167
1235317684
1234929765
1234841300
1234931324
2000138311
1234723557
2000197519
1234842357
1235317499
1235317845
1234854658
1234843918
1234723629
1235317327
1234723830
1235317564
1235317943
1235200131
2000092765
1235242037
1234930783
1235200114
2000185769
1235317782
1235459283
1234723702
1234723587
1234930864
1234842839
1234854665
2000197473
1234854018
1234842457
2000099213
1234847995
1235317846
1235317387
2000187920
1235317608
1234931077
1234723781
2000118537
1234926736
1234929189
2000028653
1234853801
1235317940
1235317472
1235203435
1235256721
1234929183
1234842336
1235188721
2000102860
