2000118537
1235317505
1235317365
1235077797
1234723746
1235195236
2000033071
1235242529
1235317360
1234770426
2000107129
1234926365
1235077787
1235240125
1234723797
1234927656
1234848054
1235317941
1234842459
1235317401
1234930342
1235317628
1235318508
1235196510
1235080026
2000178798
1235165127
1235076512
1234930784
1234927584
1235317934
2000092763
1235317553
2000197473
1234930764
1234859627
2000102860
1234723731
1235317699
1235077795
2000113540
1234932611
1234930734
1234842353
1235080323
1235077776
1235318432
1235317694
1234723558
1235317263
1234723587
2000201499
1235317366
1235077792
2000180304
1234846354
1235077793
1235077385
1234770446
1234854010
1234930743
1234842344
1234723603
1235080325
1234930929
1235317551
1234929103
1234859879
1234931064
1235318515
1235202619
1235242049
1234930918
1234927655
1235317600
1235317839
1234930747
1234770417
1235317490
1235317369
1234854003
1235317585
2000117111
2000180761
1235317350
1234723830
1235187088
1235317481
1234723600
1235317444
1235164249
1235317341
1235200153
1235318435
1234723596
1234770433
1234930928
1235317311
1234842454
1234930872
1235317923
1234930770
1234926745
1235256998
1235082990
2000181307
2000032610
1235165126
1234859586
1234846350
1235256928
1235317869
2000113115
1235317459
1235317648
1235202704
2000196110
1234843720
1234931325
1235317254
1234723781
1234842465
1234723703
1235317838
1235317601
1234843190
2000032608
1234723623
1234835347
2000185767
2000197488
1235317606
1235188709
1234846355
1235242061
1235187089
1235317577
2000185763
1235176445
2000118656
1234842331
2000134673
1234770398
1235080319
1235202869
1234770400
1235202875
1235317912
1235465748
1234929164
1234841298
1235318320
1235080322
1234842864
2000201503
1234835350
1235164608
1235187618
2000187998
1235165188
2000202579
1235317486
1235317537
1235079625
1235250781
1235175161
1234854015
1234929165
1234835380
1235193179
1234847984
1235317337
1235317976
1235245460
1234854629
2000027526
1235187645
1235317498
1235164607
1235317517
1235317626
1235317697
1235187086
1235202816
1234926744
1235240097
1235317315
2000116212
1234859597
1235317917
1235242043
1235317332
1234929171
1235317364
2000201504
1235242009
2000117108
1235318025
1235080029
1234859883
1234723552
1234931323
1235164565
1235250777
1234723548
1234859878
1235188722
1235317378
1235187558
1234930792
1235318725
2000092765
1234930920
1235318461
1234926370
1234854664
1235072593
1234930018
1234723688
1235250749
1235317446
1235240103
1235193288
2000181300
1234929765
1234835352
1235317578
1234723736
1235317644
1234854334
1234930924
1235242366
1234723585
1234723616
1234843922
2000092750
1235256980
1235250750
1234859263
1234929100
1234723622
1235318287
1235318051
1235165036
1234723784
1234723547
1235176420
1235317647
2000113120
1235317312
1235165066
1235200131
1235317536
1234853790
1235175168
1235318486
1235242527
1234842464
1235317763
1235317386
1235195365
1235250761
1235200125
1234929138
1234835343
1235317654
1235257023
1235317968
1235077803
1235250802
1235317867
1234843919
1235317720
1235317870
1234854667
1235077798
1235076519
2000059930
1235317288
1235317436
1234928233
1234929762
1234723799
1235318462
1235242039
1234855033
1235317645
2000180308
1234853791
1235317518
1235317318
1234723541
2000032993
2000116174
1235202602
1234930761
1234770413
1235317609
2000113113
1235317338
1234930727
1235317248
1235317317
1234930786
1234723713
1234854644
1235317902
1235204072
1235080987
1235317427
1235242769
1234835349
2000201507
1235317420
1234859584
1234929189
1235250801
1235317914
1235242520
1235317469
1235317342
1235250795
1234854672
1234842357
2000117103
1235200193
1235317272
2000113543
1235256809
1234770404
1235077164
1234930777
1235318255
1235164600
1234842451
1235317719
1234842336
2000028660
1234931172
1234930725
1234835375
1235317584
1235187566
1234926528
1235317947
1234723683
1235250782
1235317965
2000185766
1234930012
1235242030
2000095221
1235195211
1234931171
1234723571
1235317480
1234847986
2000027517
1234723537
2000092399
1235200121
1235202834
1234859606
1234841713
1234723796
1234723793
1234929187
1235317712
1234929159
1235077560
1234928743
1235317924
1235317781
1235202880
1234859620
2000188415
1235242369
1234854380
1235256706
1235459340
1234842348
1235240131
1235317946
2000187917
1234723700
1235250790
1235318308
1235317840
1235317597
1235317655
1234847989
1235077557
1234859266
2000181183
1234723729
1234929106
1235317292
1235245459
1234844690
1234843725
1234723794
2000113541
1234854673
1235317929
1235187616
1235317665
1234843918
1235317696
1235317376
1234854020
1235193180
1235257016
1234843921
1235318459
1234723741
1235187102
2000110296
1235242104
2000092762
1234854638
1234931077
2000033072
1234841714
1235242056
1235175167
1235256995
1234930925
1235240092
1234932616
1235187670
1235317345
1234930114
1234854017
1234842452
2000028655
1234854659
1234853795
2000027525
1234723742
1235317400
1235187678
1234926366
1234929184
1234723574
1234853793
1234723557
2000092402
1235071356
2000020356
1235317922
2000027515
1235242522
1235317704
1234930760
1235317843
1234929144
1234723748
1235317679
2000134679
1235317349
1234859601
1235202677
1235164356
1235256722
1234723754
1235071355
1234855035
2000111110
1234723617
1234847999
1234930793
1234770432
1235318506
1234723828
1234933793
1235176451
1234847994
1234770401
1235188732
1235242364
1234723677
1235317329
1234854669
1234842838
1234926746
1235080033
1234859629
1235317330
1234723689
1234931060
1234770411
1235203394
1234930751
1235317313
1235202624
1235188714
1235256724
1234859585
1234924910
1235080318
1235165097
1234842450
1235242526
1235080320
1235176426
1235240130
1234842333
1235193178
1235317564
1234924816
1235250760
1234723566
1235317443
1234930007
1234930735
1235459281
1235195262
1235202696
2000111112
1235077800
2000032995
1235317682
1235203421
1234723709
1234854660
1234846347
2000025236
1235202621
1235318482
2000033076
1235250756
1234929136
1235317919
1235317331
1234929162
1235318511
2000181188
1235175169
1235317405
1235242008
1235317489
1234859628
1235188710
1235193434
1235317488
1235202700
1234932607
1234846348
1235317466
1235317594
2000180944
1235317583
1235242053
1235164555
1235317630
1234929169
1234854657
1235257196
1235317426
1234930869
1234842915
1235187605
2000188416
1234929183
1235077789
1234931074
1234930780
1234842632
1235317555
1235257000
1234854333
1234842461
1234926736
1235317596
1235317487
1235187100
1234859604
1235317268
1234930785
1235202604
2000201505
1234930930
1235317309
1234723747
1234723549
1234723694
1235194988
1235200174
1235317476
1235257030
1234835351
1235077801
1235200274
1234859264
1235317435
1235200278
1234929166
1234927582
1235080034
1235164604
1234931275
1235317385
1235165137
2000113538
1234854655
1234929102
1235164569
1234931168
1234723827
1235240123
1234926740
2000188860
1234723759
1235077796
1234932609
1235459341
2000197518
1235317605
1235257028
1235317663
1235317624
1235317868
1235187580
1234723685
1234723575
1235318430
1234930778
1235318032
1234931313
1234842354
2000092408
1235256717
2000092398
1235317602
1235077782
1234723682
1234859618
1235317844
1234854631
1235195243
1235318716
1234723745
1235317764
2000116209
1235202852
1234854336
1234926361
1235195225
2000100672
1235317718
2000197471
1235077799
1235459288
1235201832
1235188703
1234723843
1234930871
1235080035
1234930014
2000201498
1234842837
1235187643
2000180309
1235242771
1234841295
2000202580
1234930782
1235317863
1234858537
1235317779
1235317966
1235317320
1234770422
1234926364
1234931163
1234770397
2000092748
1235176016
1234723604
1235175156
1234930794
1234842453
1235317530
1235256993
1235256720
1235317845
1234835373
1235317715
1235317780
1235318733
1234929101
1234770443
1235318728
1235318736
1235165103
1234929170
1235317336
1234930923
1235188713
2000116173
1234723599
1234841716
1235317389
1234723752
1235202601
2000185765
1235203390
1235165120
2000059935
1234723618
1235317504
1235317629
1234835345
1234723607
1235317656
1235077165
1234843187
1234842352
1235256976
2000116166
1235188712
1235200436
1234848053
1235256712
1235459280
2000025237
1234930739
1235317847
1235318306
2000027516
1235317642
2000025225
1234854009
1234855032
1234929167
1234931693
1234835940
1234723626
1234932614
1234842913
1235317265
2000027508
1234723735
1235242055
2000187920
1234854662
1235317406
1235164602
1235317649
1235317921
1235317371
2000092405
1235076520
1235317439
1234930758
2000188861
1234853783
1234854019
1235257020
1234929194
1234927521
2000180943
1234770415
1234842359
1235317721
2000116213
1235317572
2000116167
1235317686
1235187570
1234926358
2000113542
1235176429
1234929174
1234847991
1235317722
1234723568
1235317500
1235202822
1234854670
1234853802
1234723751
1235317837
1235079624
1235317646
1235165096
1235256710
1235187581
1235317556
2000113109
1234930013
1234841719
2000107127
1235317362
1234842334
1234932606
1234723756
1234926778
1235176437
1234842340
1234929131
1235257012
1235317554
1234854642
2000178800
1234770408
1235176430
1234853797
1234929158
1235317491
1234770399
1235256981
2000181409
1235317346
1234931072
1234723619
1234926526
1235317778
1234926742
1235202688
1235164263
1234854006
1234931069
2000187918
1234927583
1235317241
1234841302
1235317573
2000117846
2000059928
2000185764
1234847987
1235082989
1234926776
1235240099
1235242772
1234931070
1234854007
1234854654
1235201820
1234931698
2000025224
1235165197
1234854381
1235242363
1235202689
1234854335
1235317399
1235317631
1235202699
1234723588
1235187571
1234853789
1235317905
1235242067
1234932627
1235317356
1234846353
1234930771
1235256812
1234723734
1235317270
1235077784
2000113119
1235317872
2000110294
2000197520
1235164597
1235317367
1235318718
1235317495
1234927654
1234924813
1234854382
1235187095
1235317273
1234859588
1235076515
1235077788
1235317622
1235242329
1235318505
1235317746
1235317639
1235250791
1234932245
1235080030
1234843913
1235317451
1234854627
1234848055
2000201039
1235317971
1235188702
1234723696
1235188731
2000027518
1235318512
1234723629
1235176458
1234842914
1234835340
1235459278
1234930726
1235318507
1234924907
1234928231
1234930759
1234929163
1235176438
1234843189
1235317387
1235080321
1234859589
1235164250
1234929188
2000025238
1235317546
1234933590
1234723606
1234859590
1234770412
2000197474
2000028661
1234844689
1235317533
1235317377
1234929139
2000152849
1235318437
1235187804
2000181108
1234770395
1234723586
1234723544
2000201496
1234931056
1234723598
1235318510
1235256986
1234854628
2000092406
2000201497
1234930774
1234723733
1234843721
1235317970
1234723576
1234723582
1234842456
1235175164
1235317756
1234859880
2000111113
1235317414
1234723630
1234723699
1235202901
1235317421
1235195273
1235317608
1235242065
2000118539
2000099210
1235176449
1235240122
1235317931
1235317494
1235250757
2000116172
1234723755
1234926525
1235240118
1235318457
1235317403
1235317239
1235317282
1234859596
1235256705
1235317454
1234723539
1235188717
1234854384
1234723732
1235317684
1234854018
1234842305
1234859587
1235080324
1234723609
1235187573
1234926762
1235257010
1235200285
1235318724
1235077783
1235318455
1234930789
1235317293
1235317529
