1235038782
1235014135
1234988843
1234989201
1234980080
1235025661
1234984285
1234997995
1234996566
1235024560
1235010280
2000121010
1234986152
1234987977
2000120041
1234991070
1234998862
1234971371
2000131850
1234975807
1234979904
1235016394
1234992130
1235027691
2000124503
1235010068
1234979440
1235016269
1234996444
1234988684
1235010412
1235001807
1235013090
2000120288
1234980703
1234988710
2000123691
1234986831
1235024642
1235013754
1234996229
2000125769
2000129705
1235002982
1235030356
2000133937
1234988614
1235037563
1235042308
1235037001
1235000441
1234998047
1235018269
1235012615
1234971506
1235011815
1235003907
1234984114
1234995927
1234976456
1235019904
1234981306
1235001474
2000127301
2000120233
2000133444
2000130691
1235035419
2000132490
1235037138
1235003331
1235019742
2000130031
1235043240
2000133949
2000128817
1235006494
2000122322
2000126689
2000129650
1235003575
1234988489
1234988066
2000130554
1235009969
1235008533
1235025617
1234985488
1235000062
2000130707
1234981071
1235028638
1235020176
1234982486
1235042360
1234980164
1235007351
1235023596
1234991572
2000130450
